foxj1,[12844],0, -1, 8 
foxj1,[42354],0, -1, 9 
foxj1,[42354],427, 45394, 3 
foxj1,[42354],436, 46930, 3 
foxj1,[42354],1876, 45522, 4 
foxj1,[42354],1912, 47058, 4 
foxj1,[58740],0, -1, 11 
foxj1,[50292],0, -1, 9 
foxj1,[58996],0, -1, 11 
foxj1,[58742],0, -1, 11 
foxj1,[50302],0, -1, 10 
foxj1,[59252],0, -1, 12 
foxj1,[42868],0, -1, 11 
foxj1,[42868],2010, 46930, 4 
foxj1,[59260],0, -1, 13 
foxj1,[42876],0, -1, 12 
foxj1,[26492],0, -1, 12 
foxj1,[59262],0, -1, 13 
foxj1,[42878],0, -1, 12 
foxj1,[42878],920, 14170, 4 
foxj1,[42878],2007, 46930, 4 
foxj1,[26494],0, -1, 12 
foxj1,[26494],1284, 14170, 4 
foxj1,[61302],0, -1, 13 
foxj1,[28542],0, -1, 13 
foxj1,[46962],0, -1, 11 
foxj1,[46962],12, 46930, 1 
foxj1,[46962],111, 47058, 2 
foxj1,[46962],229, 14170, 3 
foxj1,[46962],536, 45394, 3 
foxj1,[46962],1019, 13146, 4 
foxj1,[46962],1104, 14298, 4 
foxj1,[46962],2197, 45522, 4 
foxj1,[63346],0, -1, 12 
foxj1,[63346],41, 46930, 2 
foxj1,[63346],307, 47058, 3 
foxj1,[63346],775, 14170, 4 
foxj1,[63346],1355, 45394, 4 
foxj1,[49406],0, -1, 10 
foxj1,[63348],0, -1, 13 
foxj1,[63348],1504, 46930, 4 
foxj1,[48898],0, -1, 9 
foxj1,[48898],513, 46930, 3 
foxj1,[48898],2133, 47058, 4 
foxj1,[47474],0, -1, 10 
foxj1,[47474],77, 45394, 2 
foxj1,[47474],506, 45522, 3 
foxj1,[47474],2026, 46930, 4 
foxj1,[29564],0, -1, 12 
foxj1,[29564],1504, 13146, 4 
foxj1,[13180],0, -1, 11 
foxj1,[13180],685, 13146, 3 
foxj1,[13180],2295, 14170, 4 
foxj1,[13180],2470, 13274, 4 
foxj1,[46346],0, -1, 8 
foxj1,[46346],1049, 14170, 4 
foxj1,[46346],2278, 45394, 4 
foxj1,[46346],2362, 46930, 4 
foxj1,[48402],0, -1, 9 
foxj1,[48402],481, 45394, 3 
foxj1,[48402],490, 46930, 3 
foxj1,[48402],2040, 45522, 4 
foxj1,[48402],2076, 47058, 4 
foxj1,[48914],0, -1, 10 
foxj1,[48914],76, 46930, 2 
foxj1,[48914],505, 47058, 3 
foxj1,[48914],969, 14170, 4 
foxj1,[48914],2025, 45394, 4 
foxj1,[62334],0, -1, 13 
foxj1,[62334],776, 13146, 4 
foxj1,[47986],0, -1, 11 
foxj1,[47986],482, 46930, 3 
foxj1,[47986],491, 45394, 3 
foxj1,[47986],974, 13146, 4 
foxj1,[47986],2041, 47058, 4 
foxj1,[47986],2077, 45522, 4 
foxj1,[46970],0, -1, 12 
foxj1,[46970],27, 14170, 2 
foxj1,[46970],124, 46930, 2 
foxj1,[46970],192, 13146, 3 
foxj1,[46970],216, 14298, 3 
foxj1,[46970],649, 47058, 3 
foxj1,[46970],1006, 13274, 4 
foxj1,[46970],2210, 45394, 4 
foxj1,[63354],0, -1, 13 
foxj1,[63354],146, 14170, 3 
foxj1,[63354],320, 46930, 3 
foxj1,[63354],738, 13146, 4 
foxj1,[63354],762, 14298, 4 
foxj1,[63354],1468, 47058, 4 
foxj1,[48930],0, -1, 10 
foxj1,[48930],2153, 46930, 4 
foxj1,[48498],0, -1, 11 
foxj1,[48498],482, 45394, 3 
foxj1,[48498],491, 46930, 3 
foxj1,[48498],2041, 45522, 4 
foxj1,[48498],2077, 47058, 4 
foxj1,[14204],0, -1, 12 
foxj1,[14204],685, 14170, 3 
foxj1,[14204],2295, 13146, 4 
foxj1,[14204],2470, 14298, 4 
foxj1,[46972],0, -1, 13 
foxj1,[46972],1140, 14170, 4 
foxj1,[46972],2509, 46930, 4 
foxj1,[46890],0, -1, 10 
foxj1,[46890],1118, 14170, 4 
foxj1,[46890],2483, 46930, 4 
foxj1,[47990],0, -1, 12 
foxj1,[47990],2055, 46930, 4 
foxj1,[47990],2091, 45394, 4 
foxj1,[46378],0, -1, 9 
foxj1,[63274],0, -1, 11 
foxj1,[30588],0, -1, 13 
foxj1,[30588],1504, 14170, 4 
foxj1,[59186],0, -1, 10 
foxj1,[59186],1276, 46930, 4 
foxj1,[48946],0, -1, 11 
foxj1,[48946],512, 46930, 3 
foxj1,[48946],2132, 47058, 4 
foxj1,[65330],0, -1, 12 
foxj1,[65330],1331, 46930, 4 
foxj1,[63358],0, -1, 14 
foxj1,[63358],776, 14170, 4 
foxj1,[63358],1501, 46930, 4 
foxj1,[49010],0, -1, 12 
foxj1,[49010],77, 46930, 2 
foxj1,[49010],506, 47058, 3 
foxj1,[49010],974, 14170, 4 
foxj1,[49010],2026, 45394, 4 
foxj1,[46394],0, -1, 10 
foxj1,[46394],1048, 14170, 4 
foxj1,[46394],2274, 45394, 4 
foxj1,[46394],2358, 46930, 4 
foxj1,[46906],0, -1, 11 
foxj1,[46906],222, 14170, 3 
foxj1,[46906],664, 46930, 3 
foxj1,[46906],1012, 13146, 4 
foxj1,[46906],1097, 14298, 4 
foxj1,[46906],2449, 47058, 4 
foxj1,[47994],0, -1, 12 
foxj1,[47994],182, 13146, 3 
foxj1,[47994],937, 14170, 4 
foxj1,[47994],961, 13274, 4 
foxj1,[47994],2054, 46930, 4 
foxj1,[47994],2090, 45394, 4 
foxj1,[32119],0, -1, 11 
foxj1,[32639],0, -1, 13 
foxj1,[48962],0, -1, 10 
foxj1,[48962],78, 46930, 2 
foxj1,[48962],507, 47058, 3 
foxj1,[48962],978, 14170, 4 
foxj1,[48962],2027, 45394, 4 
foxj1,[47426],0, -1, 8 
foxj1,[47426],78, 45394, 2 
foxj1,[47426],507, 45522, 3 
foxj1,[47426],2027, 46930, 4 
foxj1,[47938],0, -1, 9 
foxj1,[47938],483, 46930, 3 
foxj1,[47938],492, 45394, 3 
foxj1,[47938],978, 13146, 4 
foxj1,[47938],2042, 47058, 4 
foxj1,[47938],2078, 45522, 4 
foxj1,[49014],0, -1, 13 
foxj1,[49014],520, 46930, 3 
foxj1,[49014],2140, 47058, 4 
foxj1,[65398],0, -1, 14 
foxj1,[65398],1339, 46930, 4 
foxj1,[48506],0, -1, 12 
foxj1,[48506],946, 14170, 4 
foxj1,[48506],2054, 45394, 4 
foxj1,[48506],2090, 46930, 4 
foxj1,[32631],0, -1, 12 
foxj1,[48466],0, -1, 10 
foxj1,[48466],72, 45394, 2 
foxj1,[48466],73, 46930, 2 
foxj1,[48466],480, 45522, 3 
foxj1,[48466],489, 47058, 3 
foxj1,[48466],948, 14170, 4 
foxj1,[47998],0, -1, 13 
foxj1,[47998],975, 13146, 4 
foxj1,[48978],0, -1, 11 
foxj1,[48978],6, 46930, 1 
foxj1,[48978],75, 47058, 2 
foxj1,[48978],184, 14170, 3 
foxj1,[48978],478, 45394, 3 
foxj1,[48978],939, 13146, 4 
foxj1,[48978],963, 14298, 4 
foxj1,[48978],2024, 45522, 4 
foxj1,[47954],0, -1, 10 
foxj1,[47954],72, 46930, 2 
foxj1,[47954],73, 45394, 2 
foxj1,[47954],184, 13146, 3 
foxj1,[47954],480, 47058, 3 
foxj1,[47954],489, 45522, 3 
foxj1,[47954],939, 14170, 4 
foxj1,[47954],963, 13274, 4 
foxj1,[48982],0, -1, 12 
foxj1,[48982],80, 46930, 2 
foxj1,[48982],509, 47058, 3 
foxj1,[48982],982, 14170, 4 
foxj1,[48982],2029, 45394, 4 
foxj1,[46426],0, -1, 10 
foxj1,[46426],23, 14170, 2 
foxj1,[46426],89, 45394, 2 
foxj1,[46426],98, 46930, 2 
foxj1,[46426],188, 13146, 3 
foxj1,[46426],199, 14298, 3 
foxj1,[46426],553, 45522, 3 
foxj1,[46426],589, 47058, 3 
foxj1,[46426],989, 13274, 4 
foxj1,[59228],0, -1, 12 
foxj1,[26460],0, -1, 11 
foxj1,[26460],1294, 14170, 4 
foxj1,[65374],0, -1, 14 
foxj1,[65374],731, 14170, 4 
foxj1,[65374],1346, 46930, 4 
foxj1,[49018],0, -1, 13 
foxj1,[49018],182, 14170, 3 
foxj1,[49018],519, 46930, 3 
foxj1,[49018],937, 13146, 4 
foxj1,[49018],961, 14298, 4 
foxj1,[49018],2139, 47058, 4 
foxj1,[48990],0, -1, 13 
foxj1,[48990],185, 14170, 3 
foxj1,[48990],527, 46930, 3 
foxj1,[48990],940, 13146, 4 
foxj1,[48990],964, 14298, 4 
foxj1,[48990],2147, 47058, 4 
foxj1,[47966],0, -1, 12 
foxj1,[47966],185, 13146, 3 
foxj1,[47966],940, 14170, 4 
foxj1,[47966],964, 13274, 4 
foxj1,[47966],2062, 46930, 4 
foxj1,[47966],2098, 45394, 4 
foxj1,[15199],0, -1, 10 
foxj1,[15199],531, 13146, 3 
foxj1,[15199],2066, 14170, 4 
foxj1,[15199],2151, 13274, 4 
foxj1,[65406],0, -1, 15 
foxj1,[46442],0, -1, 10 
foxj1,[46442],1054, 14170, 4 
foxj1,[46442],2288, 45394, 4 
foxj1,[46442],2372, 46930, 4 
foxj1,[46954],0, -1, 11 
foxj1,[46954],228, 14170, 3 
foxj1,[46954],678, 46930, 3 
foxj1,[46954],1018, 13146, 4 
foxj1,[46954],1103, 14298, 4 
foxj1,[46954],2463, 47058, 4 
foxj1,[49022],0, -1, 14 
foxj1,[49022],975, 14170, 4 
foxj1,[49022],2172, 46930, 4 
foxj1,[59248],0, -1, 11 
foxj1,[59248],1285, 46930, 4 
foxj1,[42864],0, -1, 10 
foxj1,[42864],466, 46930, 3 
foxj1,[42864],1976, 47058, 4 
foxj1,[59250],0, -1, 11 
foxj1,[59250],262, 46930, 3 
foxj1,[59250],1270, 47058, 4 
foxj1,[32638],0, -1, 14 
foxj1,[32638],1339, 14170, 4 
foxj1,[52084],0, -1, 11 
foxj1,[42866],0, -1, 10 
foxj1,[42866],66, 46930, 2 
foxj1,[42866],451, 47058, 3 
foxj1,[42866],919, 14170, 4 
foxj1,[42866],1861, 45394, 4 
foxj1,[59254],0, -1, 12 
foxj1,[59254],1284, 46930, 4 
foxj1,[63350],0, -1, 13 
foxj1,[63350],321, 46930, 3 
foxj1,[63350],1469, 47058, 4 
foxj1,[46966],0, -1, 12 
foxj1,[46966],125, 46930, 2 
foxj1,[46966],650, 47058, 3 
foxj1,[46966],1137, 14170, 4 
foxj1,[46966],2211, 45394, 4 
foxj1,[42358],0, -1, 10 
foxj1,[42358],1890, 45394, 4 
foxj1,[42358],1926, 46930, 4 
foxj1,[62842],0, -1, 12 
foxj1,[62842],747, 14170, 4 
foxj1,[62842],1383, 45394, 4 
foxj1,[62842],1419, 46930, 4 
foxj1,[46458],0, -1, 11 
foxj1,[46458],201, 14170, 3 
foxj1,[46458],564, 45394, 3 
foxj1,[46458],600, 46930, 3 
foxj1,[46458],991, 13146, 4 
foxj1,[46458],1042, 14298, 4 
foxj1,[46458],2259, 45522, 4 
foxj1,[46458],2343, 47058, 4 
foxj1,[42870],0, -1, 11 
foxj1,[42870],465, 46930, 3 
foxj1,[42870],1975, 47058, 4 
foxj1,[63352],0, -1, 13 
foxj1,[63352],777, 14170, 4 
foxj1,[63352],1502, 46930, 4 
foxj1,[45950],0, -1, 12 
foxj1,[45950],230, 13146, 3 
foxj1,[45950],1020, 14170, 4 
foxj1,[45950],1105, 13274, 4 
foxj1,[45950],2292, 46930, 4 
foxj1,[45950],2376, 45394, 4 
foxj1,[46968],0, -1, 12 
foxj1,[46968],231, 14170, 3 
foxj1,[46968],683, 46930, 3 
foxj1,[46968],1021, 13146, 4 
foxj1,[46968],1106, 14298, 4 
foxj1,[46968],2468, 47058, 4 
foxj1,[59256],0, -1, 12 
foxj1,[50556],0, -1, 11 
foxj1,[25980],0, -1, 11 
foxj1,[13692],0, -1, 11 
foxj1,[13692],2379, 14170, 4 
foxj1,[42366],0, -1, 11 
foxj1,[63356],0, -1, 14 
foxj1,[46974],0, -1, 13 
foxj1,[46974],230, 14170, 3 
foxj1,[46974],682, 46930, 3 
foxj1,[46974],1020, 13146, 4 
foxj1,[46974],1105, 14298, 4 
foxj1,[46974],2467, 47058, 4 
foxj1,[14206],0, -1, 12 
foxj1,[14206],125, 14170, 2 
foxj1,[14206],565, 13146, 3 
foxj1,[14206],650, 14298, 3 
foxj1,[14206],1137, 46930, 4 
foxj1,[14206],2260, 13274, 4 
foxj1,[15231],0, -1, 11 
foxj1,[15231],2176, 13146, 4 
foxj1,[13308],0, -1, 12 
foxj1,[13308],685, 13274, 3 
foxj1,[13308],2295, 14298, 4 
foxj1,[13308],2470, 13146, 4 
foxj1,[65407],0, -1, 14 
foxj1,[18300],0, -1, 11 
foxj1,[47102],0, -1, 14 
foxj1,[47102],230, 14298, 3 
foxj1,[47102],682, 47058, 3 
foxj1,[47102],1020, 13274, 4 
foxj1,[47102],1105, 14170, 4 
foxj1,[47102],2467, 46930, 4 
foxj1,[61398],0, -1, 13 
foxj1,[61398],1239, 47058, 4 
foxj1,[53118],0, -1, 13 
foxj1,[59382],0, -1, 13 
foxj1,[59382],1284, 47058, 4 
foxj1,[65534],0, -1, 16 
foxj1,[49150],0, -1, 15 
foxj1,[49150],975, 14298, 4 
foxj1,[49150],2172, 47058, 4 
foxj1,[65530],0, -1, 15 
foxj1,[65530],728, 14298, 4 
foxj1,[65530],1338, 47058, 4 
foxj1,[46076],0, -1, 13 
foxj1,[46076],1140, 13274, 4 
foxj1,[59390],0, -1, 14 
foxj1,[30719],0, -1, 13 
foxj1,[30719],1505, 14298, 4 
