exo,[9728],0, -1, 5 
exo,[9728],246, 17408, 3 
exo,[9728],1176, 16384, 4 
exo,[9728],1187, 17536, 4 
exo,[9216],0, -1, 4 
exo,[9216],33, 17408, 2 
exo,[9216],245, 16384, 3 
exo,[9216],248, 17536, 3 
exo,[9216],1178, 16512, 4 
exo,[9216],1227, 17417, 4 
exo,[32767],0, -1, 14 
exo,[13320],0, -1, 6 
exo,[13320],1161, 17408, 4 
exo,[13320],1164, 17417, 4 
exo,[8713],0, -1, 4 
exo,[8713],246, 16393, 3 
exo,[8713],1176, 17417, 4 
exo,[8713],1187, 16521, 4 
exo,[9224],0, -1, 5 
exo,[9224],252, 17408, 3 
exo,[9224],255, 17417, 3 
exo,[9224],1182, 16384, 4 
exo,[9224],1185, 16393, 4 
exo,[9224],1206, 17536, 4 
exo,[9224],1209, 17545, 4 
exo,[25608],0, -1, 6 
exo,[25608],56, 17408, 2 
exo,[25608],59, 17417, 2 
exo,[25608],363, 16384, 3 
exo,[25608],366, 16393, 3 
exo,[25608],387, 17536, 3 
exo,[25608],390, 17545, 3 
exo,[25608],1658, 16512, 4 
exo,[25608],1661, 16521, 4 
exo,[12300],0, -1, 6 
exo,[12813],0, -1, 6 
exo,[12296],0, -1, 5 
exo,[12296],1161, 16384, 4 
exo,[12296],1164, 16393, 4 
exo,[12297],0, -1, 4 
exo,[12297],243, 16393, 3 
exo,[12297],1154, 17417, 4 
exo,[12297],1157, 16521, 4 
exo,[8200],0, -1, 4 
exo,[8200],252, 16384, 3 
exo,[8200],255, 16393, 3 
exo,[8200],1182, 17408, 4 
exo,[8200],1185, 17417, 4 
exo,[8200],1206, 16512, 4 
exo,[8200],1209, 16521, 4 
exo,[8201],0, -1, 3 
exo,[8201],33, 16393, 2 
exo,[8201],245, 17417, 3 
exo,[8201],248, 16521, 3 
exo,[8201],1178, 17545, 4 
exo,[8201],1227, 16384, 4 
exo,[13321],0, -1, 5 
exo,[13321],243, 17417, 3 
exo,[13321],1154, 16393, 4 
exo,[13321],1157, 17545, 4 
exo,[49151],0, -1, 14 
exo,[9248],0, -1, 5 
exo,[9248],250, 17408, 3 
exo,[9248],1180, 16384, 4 
exo,[9248],1204, 17536, 4 
exo,[65535],0, -1, 15 
exo,[13864],0, -1, 8 
exo,[9768],0, -1, 7 
exo,[9256],0, -1, 6 
exo,[9256],1217, 17408, 4 
exo,[9256],1220, 17417, 4 
exo,[13448],0, -1, 7 
exo,[13448],1161, 17536, 4 
exo,[13448],1164, 17545, 4 
exo,[13449],0, -1, 6 
exo,[13449],243, 17545, 3 
exo,[13449],1154, 16521, 4 
exo,[13449],1157, 17417, 4 
exo,[13960],0, -1, 8 
exo,[13960],2420, 14298, 4 
exo,[46728],0, -1, 9 
exo,[13961],0, -1, 7 
exo,[13961],1155, 17545, 4 
exo,[9385],0, -1, 6 
exo,[9385],250, 17545, 3 
exo,[9385],1180, 16521, 4 
exo,[9385],1204, 17417, 4 
exo,[20479],0, -1, 12 
exo,[12928],0, -1, 6 
exo,[12928],1155, 16512, 4 
exo,[8832],0, -1, 5 
exo,[8832],246, 16512, 3 
exo,[8832],1176, 17536, 4 
exo,[8832],1187, 16384, 4 
exo,[9344],0, -1, 5 
exo,[9344],33, 17536, 2 
exo,[9344],245, 16512, 3 
exo,[9344],248, 17408, 3 
exo,[9344],1178, 16384, 4 
exo,[9344],1227, 17545, 4 
exo,[12416],0, -1, 5 
exo,[12416],243, 16512, 3 
exo,[12416],1154, 17536, 4 
exo,[12416],1157, 16384, 4 
exo,[8320],0, -1, 4 
exo,[8320],33, 16512, 2 
exo,[8320],245, 17536, 3 
exo,[8320],248, 16384, 3 
exo,[8320],1178, 17408, 4 
exo,[8320],1227, 16521, 4 
exo,[9856],0, -1, 6 
exo,[9856],246, 17536, 3 
exo,[9856],1176, 16512, 4 
exo,[9856],1187, 17408, 4 
exo,[25728],0, -1, 6 
exo,[25728],4, 17536, 1 
exo,[25728],49, 16512, 2 
exo,[25728],52, 17408, 2 
exo,[25728],359, 16384, 3 
exo,[25728],408, 17545, 3 
exo,[25728],1679, 16521, 4 
exo,[25728],1764, 17417, 4 
exo,[45704],0, -1, 8 
exo,[12424],0, -1, 6 
exo,[12424],1161, 16512, 4 
exo,[12424],1164, 16521, 4 
exo,[48778],0, -1, 10 
exo,[48776],0, -1, 10 
exo,[12428],0, -1, 7 
exo,[9352],0, -1, 6 
exo,[9352],252, 17536, 3 
exo,[9352],255, 17545, 3 
exo,[9352],1182, 16512, 4 
exo,[9352],1185, 16521, 4 
exo,[9352],1206, 17408, 4 
exo,[9352],1209, 17417, 4 
exo,[42632],0, -1, 8 
exo,[9353],0, -1, 5 
exo,[9353],33, 17545, 2 
exo,[9353],245, 16521, 3 
exo,[9353],248, 17417, 3 
exo,[9353],1178, 16393, 4 
exo,[9353],1227, 17536, 4 
exo,[9869],0, -1, 7 
exo,[9869],1192, 17545, 4 
exo,[9868],0, -1, 8 
exo,[8841],0, -1, 5 
exo,[8841],246, 16521, 3 
exo,[8841],1176, 17545, 4 
exo,[8841],1187, 16393, 4 
exo,[8352],0, -1, 5 
exo,[8352],250, 16512, 3 
exo,[8352],1180, 17536, 4 
exo,[8352],1204, 16384, 4 
exo,[9376],0, -1, 6 
exo,[9376],250, 17536, 3 
exo,[9376],1180, 16512, 4 
exo,[9376],1204, 17408, 4 
exo,[9888],0, -1, 7 
exo,[9888],1189, 17536, 4 
exo,[9896],0, -1, 8 
exo,[8361],0, -1, 5 
exo,[8361],250, 16521, 3 
exo,[8361],1180, 17545, 4 
exo,[8361],1204, 16393, 4 
exo,[9897],0, -1, 7 
exo,[9897],1189, 17545, 4 
exo,[48808],0, -1, 11 
exo,[9900],0, -1, 9 
exo,[9901],0, -1, 8 
exo,[44718],0, -1, 11 
exo,[16040],0, -1, 10 
exo,[9389],0, -1, 7 
exo,[9389],1218, 17545, 4 
exo,[9384],0, -1, 7 
exo,[9384],1217, 17536, 4 
exo,[9384],1220, 17545, 4 
exo,[1193],0, -1, 5 
exo,[1193],41, 17545, 2 
exo,[1193],283, 16521, 3 
exo,[1193],307, 17417, 3 
exo,[1193],1370, 16393, 4 
exo,[1193],1503, 17536, 4 
exo,[42668],0, -1, 10 
exo,[48824],0, -1, 12 
exo,[9917],0, -1, 9 
exo,[13004],0, -1, 9 
exo,[13004],2441, 13274, 4 
exo,[1160],0, -1, 5 
exo,[1160],43, 17536, 2 
exo,[1160],46, 17545, 2 
exo,[1160],285, 16512, 3 
exo,[1160],288, 16521, 3 
exo,[1160],309, 17408, 3 
exo,[1160],312, 17417, 3 
exo,[1160],1372, 16384, 4 
exo,[1160],1375, 16393, 4 
exo,[1161],0, -1, 4 
exo,[1161],3, 17545, 1 
exo,[1161],36, 16521, 2 
exo,[1161],39, 17417, 2 
exo,[1161],281, 16393, 3 
exo,[1161],330, 17536, 3 
exo,[1161],1393, 16512, 4 
exo,[1161],1478, 17408, 4 
exo,[48872],0, -1, 12 
exo,[49909],0, -1, 9 
exo,[48376],0, -1, 12 
exo,[16124],0, -1, 13 
exo,[10237],0, -1, 11 
exo,[43006],0, -1, 13 
exo,[43006],920, 14298, 4 
exo,[43006],2007, 47058, 4 
exo,[47426],0, -1, 8 
exo,[47426],78, 45394, 2 
exo,[47426],507, 45522, 3 
exo,[47426],2027, 46930, 4 
exo,[48978],0, -1, 11 
exo,[48978],6, 46930, 1 
exo,[48978],75, 47058, 2 
exo,[48978],184, 14170, 3 
exo,[48978],478, 45394, 3 
exo,[48978],939, 13146, 4 
exo,[48978],963, 14298, 4 
exo,[48978],2024, 45522, 4 
exo,[48466],0, -1, 10 
exo,[48466],72, 45394, 2 
exo,[48466],73, 46930, 2 
exo,[48466],480, 45522, 3 
exo,[48466],489, 47058, 3 
exo,[48466],948, 14170, 4 
exo,[9737],0, -1, 5 
exo,[9737],246, 17417, 3 
exo,[9737],1176, 16393, 4 
exo,[9737],1187, 17545, 4 
exo,[16223],0, -1, 11 
exo,[16223],531, 14170, 3 
exo,[16223],2066, 13146, 4 
exo,[16223],2151, 14298, 4 
exo,[15199],0, -1, 10 
exo,[15199],531, 13146, 3 
exo,[15199],2066, 14170, 4 
exo,[15199],2151, 13274, 4 
exo,[48498],0, -1, 11 
exo,[48498],482, 45394, 3 
exo,[48498],491, 46930, 3 
exo,[48498],2041, 45522, 4 
exo,[48498],2077, 47058, 4 
exo,[49010],0, -1, 12 
exo,[49010],77, 46930, 2 
exo,[49010],506, 47058, 3 
exo,[49010],974, 14170, 4 
exo,[49010],2026, 45394, 4 
exo,[52084],0, -1, 11 
exo,[32631],0, -1, 12 
exo,[48506],0, -1, 12 
exo,[48506],946, 14170, 4 
exo,[48506],2054, 45394, 4 
exo,[48506],2090, 46930, 4 
exo,[49018],0, -1, 13 
exo,[49018],182, 14170, 3 
exo,[49018],519, 46930, 3 
exo,[49018],937, 13146, 4 
exo,[49018],961, 14298, 4 
exo,[49018],2139, 47058, 4 
exo,[46974],0, -1, 13 
exo,[46974],230, 14170, 3 
exo,[46974],682, 46930, 3 
exo,[46974],1020, 13146, 4 
exo,[46974],1105, 14298, 4 
exo,[46974],2467, 47058, 4 
exo,[49022],0, -1, 14 
exo,[49022],975, 14170, 4 
exo,[49022],2172, 46930, 4 
exo,[16255],0, -1, 12 
exo,[16255],2176, 14170, 4 
exo,[14207],0, -1, 11 
exo,[14207],686, 14170, 3 
exo,[14207],2296, 13146, 4 
exo,[14207],2471, 14298, 4 
exo,[8328],0, -1, 5 
exo,[8328],252, 16512, 3 
exo,[8328],255, 16521, 3 
exo,[8328],1182, 17536, 4 
exo,[8328],1185, 17545, 4 
exo,[8328],1206, 16384, 4 
exo,[8328],1209, 16393, 4 
exo,[8329],0, -1, 4 
exo,[8329],33, 16521, 2 
exo,[8329],245, 17545, 3 
exo,[8329],248, 16393, 3 
exo,[8329],1178, 17417, 4 
exo,[8329],1227, 16512, 4 
exo,[61362],0, -1, 12 
exo,[44982],0, -1, 12 
exo,[16316],0, -1, 13 
exo,[8840],0, -1, 6 
exo,[8840],1191, 16512, 4 
exo,[8840],1194, 16521, 4 
exo,[48070],0, -1, 11 
exo,[48070],2059, 47058, 4 
exo,[48070],2095, 45522, 4 
exo,[42120],0, -1, 7 
exo,[42120],707, 17536, 4 
exo,[42120],710, 17545, 4 
exo,[25736],0, -1, 7 
exo,[25736],56, 17536, 2 
exo,[25736],59, 17545, 2 
exo,[25736],363, 16512, 3 
exo,[25736],366, 16521, 3 
exo,[25736],387, 17408, 3 
exo,[25736],390, 17417, 3 
exo,[25736],1658, 16384, 4 
exo,[25736],1661, 16393, 4 
exo,[48126],0, -1, 14 
exo,[48126],975, 13274, 4 
exo,[49110],0, -1, 13 
exo,[49110],80, 47058, 2 
exo,[49110],509, 46930, 3 
exo,[49110],982, 14298, 4 
exo,[49110],2029, 45522, 4 
exo,[9864],0, -1, 7 
exo,[9864],1191, 17536, 4 
exo,[9864],1194, 17545, 4 
exo,[9865],0, -1, 6 
exo,[9865],246, 17545, 3 
exo,[9865],1176, 16521, 4 
exo,[9865],1187, 17417, 4 
exo,[16381],0, -1, 13 
exo,[49150],0, -1, 15 
exo,[49150],975, 14298, 4 
exo,[49150],2172, 47058, 4 
exo,[32766],0, -1, 15 
exo,[32766],1339, 14298, 4 
exo,[49146],0, -1, 14 
exo,[49146],182, 14298, 3 
exo,[49146],519, 47058, 3 
exo,[49146],937, 13274, 4 
exo,[49146],961, 14170, 4 
exo,[49146],2139, 46930, 4 
exo,[16383],0, -1, 13 
exo,[16383],2176, 14298, 4 
exo,[14332],0, -1, 13 
exo,[14332],685, 14298, 3 
exo,[14332],2295, 13274, 4 
exo,[14332],2470, 14170, 4 
exo,[53245],0, -1, 13 
exo,[42494],0, -1, 12 
exo,[57343],0, -1, 14 
