pdx1,[18048],0, -1, 6 
pdx1,[18048],8, 17536, 1 
pdx1,[18048],83, 16512, 2 
pdx1,[18048],94, 17408, 2 
pdx1,[18048],534, 16384, 3 
pdx1,[18048],610, 17545, 3 
pdx1,[18048],2220, 16521, 4 
pdx1,[18048],2353, 17417, 4 
pdx1,[640],0, -1, 4 
pdx1,[640],37, 16512, 2 
pdx1,[640],279, 17536, 3 
pdx1,[640],290, 16384, 3 
pdx1,[640],1353, 17408, 4 
pdx1,[640],1429, 16521, 4 
pdx1,[128],0, -1, 3 
pdx1,[128],3, 16512, 1 
pdx1,[128],36, 17536, 2 
pdx1,[128],39, 16384, 2 
pdx1,[128],281, 17408, 3 
pdx1,[128],330, 16521, 3 
pdx1,[128],1393, 17545, 4 
pdx1,[128],1478, 16393, 4 
pdx1,[17536],0, -1, 5 
pdx1,[17536],1, 17536, 0 
pdx1,[17536],7, 16512, 1 
pdx1,[17536],10, 17408, 1 
pdx1,[17536],85, 16384, 2 
pdx1,[17536],134, 17545, 2 
pdx1,[17536],574, 16521, 3 
pdx1,[17536],659, 17417, 3 
pdx1,[17536],2269, 16393, 4 
pdx1,[1664],0, -1, 5 
pdx1,[1664],37, 17536, 2 
pdx1,[1664],279, 16512, 3 
pdx1,[1664],290, 17408, 3 
pdx1,[1664],1353, 16384, 4 
pdx1,[1664],1429, 17545, 4 
pdx1,[16512],0, -1, 4 
pdx1,[16512],1, 16512, 0 
pdx1,[16512],7, 17536, 1 
pdx1,[16512],10, 16384, 1 
pdx1,[16512],85, 17408, 2 
pdx1,[16512],134, 16521, 2 
pdx1,[16512],574, 17545, 3 
pdx1,[16512],659, 16393, 3 
pdx1,[16512],2269, 17417, 4 
pdx1,[16384],0, -1, 3 
pdx1,[16384],1, 16384, 0 
pdx1,[16384],7, 17408, 1 
pdx1,[16384],10, 16512, 1 
pdx1,[16384],85, 17536, 2 
pdx1,[16384],134, 16393, 2 
pdx1,[16384],574, 17417, 3 
pdx1,[16384],659, 16521, 3 
pdx1,[16384],2269, 17545, 4 
pdx1,[1024],0, -1, 3 
pdx1,[1024],3, 17408, 1 
pdx1,[1024],36, 16384, 2 
pdx1,[1024],39, 17536, 2 
pdx1,[1024],281, 16512, 3 
pdx1,[1024],330, 17417, 3 
pdx1,[1024],1393, 16393, 4 
pdx1,[1024],1478, 17545, 4 
pdx1,[17920],0, -1, 5 
pdx1,[17920],8, 17408, 1 
pdx1,[17920],83, 16384, 2 
pdx1,[17920],94, 17536, 2 
pdx1,[17920],534, 16512, 3 
pdx1,[17920],610, 17417, 3 
pdx1,[17920],2220, 16393, 4 
pdx1,[17920],2353, 17545, 4 
pdx1,[0],0, -1, 2 
pdx1,[0],3, 16384, 1 
pdx1,[0],36, 17408, 2 
pdx1,[0],39, 16512, 2 
pdx1,[0],281, 17536, 3 
pdx1,[0],330, 16393, 3 
pdx1,[0],1393, 17417, 4 
pdx1,[0],1478, 16521, 4 
pdx1,[16513],0, -1, 3 
pdx1,[16513],14, 16521, 1 
pdx1,[16513],17, 16512, 1 
pdx1,[16513],89, 17545, 2 
pdx1,[16513],92, 17536, 2 
pdx1,[16513],113, 16393, 2 
pdx1,[16513],116, 16384, 2 
pdx1,[16513],553, 17417, 3 
pdx1,[16513],556, 17408, 3 
pdx1,[129],0, -1, 2 
pdx1,[129],43, 16521, 2 
pdx1,[129],46, 16512, 2 
pdx1,[129],285, 17545, 3 
pdx1,[129],288, 17536, 3 
pdx1,[129],309, 16393, 3 
pdx1,[129],312, 16384, 3 
pdx1,[129],1372, 17417, 4 
pdx1,[129],1375, 17408, 4 
pdx1,[16896],0, -1, 4 
pdx1,[16896],8, 16384, 1 
pdx1,[16896],83, 17408, 2 
pdx1,[16896],94, 16512, 2 
pdx1,[16896],534, 17536, 3 
pdx1,[16896],610, 16393, 3 
pdx1,[16896],2220, 17417, 4 
pdx1,[16896],2353, 16521, 4 
pdx1,[512],0, -1, 3 
pdx1,[512],37, 16384, 2 
pdx1,[512],279, 17408, 3 
pdx1,[512],290, 16512, 3 
pdx1,[512],1353, 17536, 4 
pdx1,[512],1429, 16393, 4 
pdx1,[17024],0, -1, 5 
pdx1,[17024],8, 16512, 1 
pdx1,[17024],83, 17536, 2 
pdx1,[17024],94, 16384, 2 
pdx1,[17024],534, 17408, 3 
pdx1,[17024],610, 16521, 3 
pdx1,[17024],2220, 17545, 4 
pdx1,[17024],2353, 16393, 4 
pdx1,[16544],0, -1, 5 
pdx1,[16544],12, 16512, 1 
pdx1,[16544],87, 17536, 2 
pdx1,[16544],111, 16384, 2 
pdx1,[16544],551, 17408, 3 
pdx1,[16544],684, 16521, 3 
pdx1,[16544],2294, 17545, 4 
pdx1,[16544],2469, 16393, 4 
pdx1,[16416],0, -1, 4 
pdx1,[16416],12, 16384, 1 
pdx1,[16416],87, 17408, 2 
pdx1,[16416],111, 16512, 2 
pdx1,[16416],551, 17536, 3 
pdx1,[16416],684, 16393, 3 
pdx1,[16416],2294, 17417, 4 
pdx1,[16416],2469, 16521, 4 
pdx1,[1152],0, -1, 4 
pdx1,[1152],3, 17536, 1 
pdx1,[1152],36, 16512, 2 
pdx1,[1152],39, 17408, 2 
pdx1,[1152],281, 16384, 3 
pdx1,[1152],330, 17545, 3 
pdx1,[1152],1393, 16521, 4 
pdx1,[1152],1478, 17417, 4 
pdx1,[1536],0, -1, 4 
pdx1,[1536],37, 17408, 2 
pdx1,[1536],279, 16384, 3 
pdx1,[1536],290, 17536, 3 
pdx1,[1536],1353, 16512, 4 
pdx1,[1536],1429, 17417, 4 
