ec,[2045],0, -1, 10 
ec,[12892],0, -1, 9 
ec,[12892],639, 13146, 3 
ec,[12892],2249, 14170, 4 
ec,[12892],2410, 13274, 4 
ec,[8796],0, -1, 8 
ec,[8796],1964, 13146, 4 
ec,[25468],0, -1, 11 
ec,[9596],0, -1, 10 
ec,[25980],0, -1, 11 
ec,[25982],0, -1, 11 
ec,[9598],0, -1, 10 
ec,[9598],1926, 14170, 4 
ec,[15196],0, -1, 11 
ec,[15196],530, 13146, 3 
ec,[15196],2065, 14170, 4 
ec,[15196],2150, 13274, 4 
ec,[10108],0, -1, 11 
ec,[10108],2010, 14170, 4 
ec,[59262],0, -1, 13 
ec,[42878],0, -1, 12 
ec,[42878],920, 14170, 4 
ec,[42878],2007, 46930, 4 
ec,[26495],0, -1, 11 
ec,[16220],0, -1, 12 
ec,[16220],530, 14170, 3 
ec,[16220],2065, 13146, 4 
ec,[16220],2150, 14298, 4 
ec,[61310],0, -1, 14 
ec,[12668],0, -1, 10 
ec,[12668],2379, 13146, 4 
ec,[29052],0, -1, 11 
ec,[18173],0, -1, 10 
ec,[29564],0, -1, 12 
ec,[29564],1504, 13146, 4 
ec,[47478],0, -1, 11 
ec,[47478],520, 45394, 3 
ec,[47478],2140, 45522, 4 
ec,[13694],0, -1, 11 
ec,[13694],601, 14170, 3 
ec,[13694],2211, 13146, 4 
ec,[13694],2344, 14298, 4 
ec,[30588],0, -1, 13 
ec,[30588],1504, 14170, 4 
ec,[63356],0, -1, 14 
ec,[46972],0, -1, 13 
ec,[46972],1140, 14170, 4 
ec,[46972],2509, 46930, 4 
ec,[14204],0, -1, 12 
ec,[14204],685, 14170, 3 
ec,[14204],2295, 13146, 4 
ec,[14204],2470, 14298, 4 
ec,[26620],0, -1, 13 
ec,[10236],0, -1, 12 
ec,[10236],2010, 14298, 4 
ec,[26621],0, -1, 12 
ec,[30590],0, -1, 13 
ec,[30590],321, 14170, 3 
ec,[30590],1384, 13146, 4 
ec,[30590],1469, 14298, 4 
ec,[63358],0, -1, 14 
ec,[63358],776, 14170, 4 
ec,[63358],1501, 46930, 4 
ec,[10237],0, -1, 11 
ec,[10238],0, -1, 12 
ec,[10238],465, 14298, 3 
ec,[10238],1890, 13274, 4 
ec,[10238],1975, 14170, 4 
ec,[26622],0, -1, 13 
ec,[26622],1284, 14298, 4 
ec,[30591],0, -1, 12 
ec,[30591],1505, 14170, 4 
ec,[14207],0, -1, 11 
ec,[14207],686, 14170, 3 
ec,[14207],2296, 13146, 4 
ec,[14207],2471, 14298, 4 
ec,[26623],0, -1, 12 
ec,[47426],0, -1, 8 
ec,[47426],78, 45394, 2 
ec,[47426],507, 45522, 3 
ec,[47426],2027, 46930, 4 
ec,[15228],0, -1, 12 
ec,[15228],2175, 13146, 4 
ec,[60412],0, -1, 14 
ec,[65399],0, -1, 13 
ec,[15230],0, -1, 12 
ec,[15230],520, 13146, 3 
ec,[15230],2055, 14170, 4 
ec,[15230],2140, 13274, 4 
ec,[47998],0, -1, 13 
ec,[47998],975, 13146, 4 
ec,[47442],0, -1, 9 
ec,[47442],6, 45394, 1 
ec,[47442],75, 45522, 2 
ec,[47442],478, 46930, 3 
ec,[47442],948, 13146, 4 
ec,[47442],2024, 47058, 4 
ec,[60414],0, -1, 14 
ec,[47446],0, -1, 10 
ec,[47446],80, 45394, 2 
ec,[47446],509, 45522, 3 
ec,[47446],2029, 46930, 4 
ec,[47958],0, -1, 11 
ec,[47958],485, 46930, 3 
ec,[47958],494, 45394, 3 
ec,[47958],982, 13146, 4 
ec,[47958],2044, 47058, 4 
ec,[47958],2080, 45522, 4 
ec,[15231],0, -1, 11 
ec,[15231],2176, 13146, 4 
ec,[32638],0, -1, 14 
ec,[32638],1339, 14170, 4 
ec,[48982],0, -1, 12 
ec,[48982],80, 46930, 2 
ec,[48982],509, 47058, 3 
ec,[48982],982, 14170, 4 
ec,[48982],2029, 45394, 4 
ec,[29020],0, -1, 10 
ec,[29020],1430, 13146, 4 
ec,[29532],0, -1, 11 
ec,[29532],331, 13146, 3 
ec,[29532],1394, 14170, 4 
ec,[29532],1479, 13274, 4 
ec,[47966],0, -1, 12 
ec,[47966],185, 13146, 3 
ec,[47966],940, 14170, 4 
ec,[47966],964, 13274, 4 
ec,[47966],2062, 46930, 4 
ec,[47966],2098, 45394, 4 
ec,[12636],0, -1, 9 
ec,[12636],611, 13146, 3 
ec,[12636],1149, 45394, 4 
ec,[12636],2221, 14170, 4 
ec,[12636],2354, 13274, 4 
ec,[30556],0, -1, 12 
ec,[30556],331, 14170, 3 
ec,[30556],1394, 13146, 4 
ec,[30556],1479, 14298, 4 
ec,[48990],0, -1, 13 
ec,[48990],185, 14170, 3 
ec,[48990],527, 46930, 3 
ec,[48990],940, 13146, 4 
ec,[48990],964, 14298, 4 
ec,[48990],2147, 47058, 4 
ec,[13148],0, -1, 10 
ec,[13148],135, 13146, 2 
ec,[13148],575, 14170, 3 
ec,[13148],660, 13274, 3 
ec,[13148],2270, 14298, 4 
ec,[15198],0, -1, 11 
ec,[15198],80, 13146, 2 
ec,[15198],485, 14170, 3 
ec,[15198],509, 13274, 3 
ec,[15198],2044, 14298, 4 
ec,[16255],0, -1, 12 
ec,[16255],2176, 14170, 4 
ec,[14172],0, -1, 11 
ec,[14172],135, 14170, 2 
ec,[14172],575, 13146, 3 
ec,[14172],660, 14298, 3 
ec,[14172],1149, 46930, 4 
ec,[14172],2270, 13274, 4 
ec,[15199],0, -1, 10 
ec,[15199],531, 13146, 3 
ec,[15199],2066, 14170, 4 
ec,[15199],2151, 13274, 4 
ec,[13150],0, -1, 10 
ec,[13150],15, 13146, 1 
ec,[13150],90, 14170, 2 
ec,[13150],114, 13274, 2 
ec,[13150],554, 14298, 3 
ec,[13150],1027, 46930, 4 
ec,[13150],1063, 45394, 4 
ec,[16252],0, -1, 13 
ec,[16252],2175, 14170, 4 
ec,[28670],0, -1, 14 
ec,[49022],0, -1, 14 
ec,[49022],975, 14170, 4 
ec,[49022],2172, 46930, 4 
ec,[16253],0, -1, 12 
ec,[16254],0, -1, 13 
ec,[16254],520, 14170, 3 
ec,[16254],2055, 13146, 4 
ec,[16254],2140, 14298, 4 
ec,[65406],0, -1, 15 
ec,[59252],0, -1, 12 
ec,[52084],0, -1, 11 
ec,[59254],0, -1, 12 
ec,[59254],1284, 46930, 4 
ec,[47990],0, -1, 12 
ec,[47990],2055, 46930, 4 
ec,[47990],2091, 45394, 4 
ec,[63352],0, -1, 13 
ec,[63352],777, 14170, 4 
ec,[63352],1502, 46930, 4 
ec,[49014],0, -1, 13 
ec,[49014],520, 46930, 3 
ec,[49014],2140, 47058, 4 
ec,[65398],0, -1, 14 
ec,[65398],1339, 46930, 4 
ec,[32630],0, -1, 13 
ec,[13180],0, -1, 11 
ec,[13180],685, 13146, 3 
ec,[13180],2295, 14170, 4 
ec,[13180],2470, 13274, 4 
ec,[13692],0, -1, 11 
ec,[13692],2379, 14170, 4 
ec,[10110],0, -1, 11 
ec,[10110],465, 14170, 3 
ec,[10110],1890, 13146, 4 
ec,[10110],1975, 14298, 4 
ec,[14206],0, -1, 12 
ec,[14206],125, 14170, 2 
ec,[14206],565, 13146, 3 
ec,[14206],650, 14298, 3 
ec,[14206],1137, 46930, 4 
ec,[14206],2260, 13274, 4 
ec,[13182],0, -1, 11 
ec,[13182],125, 13146, 2 
ec,[13182],565, 14170, 3 
ec,[13182],650, 13274, 3 
ec,[13182],2260, 14298, 4 
ec,[65407],0, -1, 14 
ec,[45950],0, -1, 12 
ec,[45950],230, 13146, 3 
ec,[45950],1020, 14170, 4 
ec,[45950],1105, 13274, 4 
ec,[45950],2292, 46930, 4 
ec,[45950],2376, 45394, 4 
ec,[26494],0, -1, 12 
ec,[26494],1284, 14170, 4 
ec,[30076],0, -1, 12 
ec,[26492],0, -1, 12 
ec,[51070],0, -1, 12 
ec,[46974],0, -1, 13 
ec,[46974],230, 14170, 3 
ec,[46974],682, 46930, 3 
ec,[46974],1020, 13146, 4 
ec,[46974],1105, 14298, 4 
ec,[46974],2467, 47058, 4 
ec,[32639],0, -1, 13 
ec,[61438],0, -1, 15 
ec,[13310],0, -1, 12 
ec,[13310],125, 13274, 2 
ec,[13310],565, 14298, 3 
ec,[13310],650, 13146, 3 
ec,[13310],2260, 14170, 4 
ec,[13820],0, -1, 12 
ec,[13820],2379, 14298, 4 
ec,[14332],0, -1, 13 
ec,[14332],685, 14298, 3 
ec,[14332],2295, 13274, 4 
ec,[14332],2470, 14170, 4 
ec,[14334],0, -1, 13 
ec,[14334],125, 14298, 2 
ec,[14334],565, 13274, 3 
ec,[14334],650, 14170, 3 
ec,[14334],1137, 47058, 4 
ec,[14334],2260, 13146, 4 
ec,[30718],0, -1, 14 
ec,[30718],321, 14298, 3 
ec,[30718],1384, 13274, 4 
ec,[30718],1469, 14170, 4 
ec,[30719],0, -1, 13 
ec,[30719],1505, 14298, 4 
ec,[52092],0, -1, 12 
ec,[53110],0, -1, 12 
ec,[48126],0, -1, 14 
ec,[48126],975, 13274, 4 
ec,[15358],0, -1, 13 
ec,[15358],520, 13274, 3 
ec,[15358],2055, 14298, 4 
ec,[15358],2140, 13146, 4 
ec,[8540],0, -1, 8 
ec,[8540],1936, 13146, 4 
ec,[9052],0, -1, 9 
ec,[9052],475, 13146, 3 
ec,[9052],1900, 14170, 4 
ec,[9052],1985, 13274, 4 
ec,[53118],0, -1, 13 
ec,[32766],0, -1, 15 
ec,[32766],1339, 14298, 4 
ec,[65534],0, -1, 16 
ec,[48118],0, -1, 13 
ec,[48118],2055, 47058, 4 
ec,[48118],2091, 45522, 4 
ec,[13308],0, -1, 12 
ec,[13308],685, 13274, 3 
ec,[13308],2295, 14298, 4 
ec,[13308],2470, 13146, 4 
ec,[14333],0, -1, 12 
ec,[14333],2512, 14298, 4 
ec,[26110],0, -1, 12 
ec,[32767],0, -1, 14 
