repl,[9216],0, -1, 4 
repl,[9216],33, 17408, 2 
repl,[9216],245, 16384, 3 
repl,[9216],248, 17536, 3 
repl,[9216],1178, 16512, 4 
repl,[9216],1227, 17417, 4 
repl,[512],0, -1, 3 
repl,[512],37, 16384, 2 
repl,[512],279, 17408, 3 
repl,[512],290, 16512, 3 
repl,[512],1353, 17536, 4 
repl,[512],1429, 16393, 4 
repl,[513],0, -1, 2 
repl,[513],294, 16393, 3 
repl,[513],297, 16384, 3 
repl,[513],1357, 17417, 4 
repl,[513],1360, 17408, 4 
repl,[513],1408, 16521, 4 
repl,[513],1411, 16512, 4 
repl,[16896],0, -1, 4 
repl,[16896],8, 16384, 1 
repl,[16896],83, 17408, 2 
repl,[16896],94, 16512, 2 
repl,[16896],534, 17536, 3 
repl,[16896],610, 16393, 3 
repl,[16896],2220, 17417, 4 
repl,[16896],2353, 16521, 4 
repl,[16384],0, -1, 3 
repl,[16384],1, 16384, 0 
repl,[16384],7, 17408, 1 
repl,[16384],10, 16512, 1 
repl,[16384],85, 17536, 2 
repl,[16384],134, 16393, 2 
repl,[16384],574, 17417, 3 
repl,[16384],659, 16521, 3 
repl,[16384],2269, 17545, 4 
repl,[0],0, -1, 2 
repl,[0],3, 16384, 1 
repl,[0],36, 17408, 2 
repl,[0],39, 16512, 2 
repl,[0],281, 17536, 3 
repl,[0],330, 16393, 3 
repl,[0],1393, 17417, 4 
repl,[0],1478, 16521, 4 
repl,[1],0, -1, 1 
repl,[1],43, 16393, 2 
repl,[1],46, 16384, 2 
repl,[1],285, 17417, 3 
repl,[1],288, 17408, 3 
repl,[1],309, 16521, 3 
repl,[1],312, 16512, 3 
repl,[1],1372, 17545, 4 
repl,[1],1375, 17536, 4 
repl,[16385],0, -1, 2 
repl,[16385],14, 16393, 1 
repl,[16385],17, 16384, 1 
repl,[16385],89, 17417, 2 
repl,[16385],92, 17408, 2 
repl,[16385],113, 16521, 2 
repl,[16385],116, 16512, 2 
repl,[16385],553, 17545, 3 
repl,[16385],556, 17536, 3 
repl,[8200],0, -1, 4 
repl,[8200],252, 16384, 3 
repl,[8200],255, 16393, 3 
repl,[8200],1182, 17408, 4 
repl,[8200],1185, 17417, 4 
repl,[8200],1206, 16512, 4 
repl,[8200],1209, 16521, 4 
repl,[12297],0, -1, 4 
repl,[12297],243, 16393, 3 
repl,[12297],1154, 17417, 4 
repl,[12297],1157, 16521, 4 
repl,[521],0, -1, 3 
repl,[521],37, 16393, 2 
repl,[521],279, 17417, 3 
repl,[521],290, 16521, 3 
repl,[521],1353, 17545, 4 
repl,[521],1429, 16384, 4 
repl,[12296],0, -1, 5 
repl,[12296],1161, 16384, 4 
repl,[12296],1164, 16393, 4 
repl,[17929],0, -1, 5 
repl,[17929],8, 17417, 1 
repl,[17929],83, 16393, 2 
repl,[17929],94, 17545, 2 
repl,[17929],534, 16521, 3 
repl,[17929],610, 17408, 3 
repl,[17929],2220, 16384, 4 
repl,[17929],2353, 17536, 4 
repl,[16393],0, -1, 3 
repl,[16393],1, 16393, 0 
repl,[16393],7, 17417, 1 
repl,[16393],10, 16521, 1 
repl,[16393],85, 17545, 2 
repl,[16393],134, 16384, 2 
repl,[16393],574, 17408, 3 
repl,[16393],659, 16512, 3 
repl,[16393],2269, 17536, 4 
repl,[17417],0, -1, 4 
repl,[17417],1, 17417, 0 
repl,[17417],7, 16393, 1 
repl,[17417],10, 17545, 1 
repl,[17417],85, 16521, 2 
repl,[17417],134, 17408, 2 
repl,[17417],574, 16384, 3 
repl,[17417],659, 17536, 3 
repl,[17417],2269, 16512, 4 
repl,[9],0, -1, 2 
repl,[9],3, 16393, 1 
repl,[9],36, 17417, 2 
repl,[9],39, 16521, 2 
repl,[9],281, 17545, 3 
repl,[9],330, 16384, 3 
repl,[9],1393, 17408, 4 
repl,[9],1478, 16512, 4 
repl,[16905],0, -1, 4 
repl,[16905],8, 16393, 1 
repl,[16905],83, 17417, 2 
repl,[16905],94, 16521, 2 
repl,[16905],534, 17545, 3 
repl,[16905],610, 16384, 3 
repl,[16905],2220, 17408, 4 
repl,[16905],2353, 16512, 4 
repl,[1033],0, -1, 3 
repl,[1033],3, 17417, 1 
repl,[1033],36, 16393, 2 
repl,[1033],39, 17545, 2 
repl,[1033],281, 16521, 3 
repl,[1033],330, 17408, 3 
repl,[1033],1393, 16384, 4 
repl,[1033],1478, 17536, 4 
repl,[16417],0, -1, 3 
repl,[16417],124, 16393, 2 
repl,[16417],127, 16384, 2 
repl,[16417],564, 17417, 3 
repl,[16417],567, 17408, 3 
repl,[16417],649, 16521, 3 
repl,[16417],652, 16512, 3 
repl,[16417],2259, 17545, 4 
repl,[16417],2262, 17536, 4 
repl,[17445],0, -1, 5 
repl,[17445],682, 17417, 3 
repl,[17445],686, 17408, 3 
repl,[17445],2292, 16393, 4 
repl,[17445],2296, 16384, 4 
repl,[17445],2467, 17545, 4 
repl,[17445],2471, 17536, 4 
repl,[1025],0, -1, 2 
repl,[1025],43, 17417, 2 
repl,[1025],46, 17408, 2 
repl,[1025],285, 16393, 3 
repl,[1025],288, 16384, 3 
repl,[1025],309, 17545, 3 
repl,[1025],312, 17536, 3 
repl,[1025],1372, 16521, 4 
repl,[1025],1375, 16512, 4 
repl,[17409],0, -1, 3 
repl,[17409],14, 17417, 1 
repl,[17409],17, 17408, 1 
repl,[17409],89, 16393, 2 
repl,[17409],92, 16384, 2 
repl,[17409],113, 17545, 2 
repl,[17409],116, 17536, 2 
repl,[17409],553, 16521, 3 
repl,[17409],556, 16512, 3 
repl,[41],0, -1, 3 
repl,[41],41, 16393, 2 
repl,[41],283, 17417, 3 
repl,[41],307, 16521, 3 
repl,[41],1370, 17545, 4 
repl,[41],1503, 16384, 4 
repl,[553],0, -1, 4 
repl,[553],292, 16393, 3 
repl,[553],1355, 17417, 4 
repl,[553],1406, 16521, 4 
repl,[16425],0, -1, 4 
repl,[16425],12, 16393, 1 
repl,[16425],87, 17417, 2 
repl,[16425],111, 16521, 2 
repl,[16425],551, 17545, 3 
repl,[16425],684, 16384, 3 
repl,[16425],2294, 17408, 4 
repl,[16425],2469, 16512, 4 
repl,[16937],0, -1, 5 
repl,[16937],96, 16393, 2 
repl,[16937],536, 17417, 3 
repl,[16937],587, 16521, 3 
repl,[16937],2197, 17545, 4 
repl,[16937],2378, 16384, 4 
repl,[17453],0, -1, 6 
repl,[17453],125, 17417, 2 
repl,[17453],565, 16393, 3 
repl,[17453],650, 17545, 3 
repl,[17453],2260, 16521, 4 
repl,[17453],2510, 17408, 4 
repl,[12424],0, -1, 6 
repl,[12424],1161, 16512, 4 
repl,[12424],1164, 16521, 4 
repl,[50221],0, -1, 7 
repl,[50221],230, 17417, 3 
repl,[50221],1020, 16393, 4 
repl,[50221],1105, 17545, 4 
repl,[45],0, -1, 4 
repl,[45],321, 16393, 3 
repl,[45],1384, 17417, 4 
repl,[45],1469, 16521, 4 
repl,[16429],0, -1, 5 
repl,[16429],125, 16393, 2 
repl,[16429],565, 17417, 3 
repl,[16429],650, 16521, 3 
repl,[16429],2260, 17545, 4 
repl,[16429],2510, 16384, 4 
repl,[1065],0, -1, 4 
repl,[1065],41, 17417, 2 
repl,[1065],283, 16393, 3 
repl,[1065],307, 17545, 3 
repl,[1065],1370, 16521, 4 
repl,[1065],1503, 17408, 4 
repl,[16941],0, -1, 6 
repl,[16941],601, 16393, 3 
repl,[16941],2211, 17417, 4 
repl,[16941],2344, 16521, 4 
repl,[50237],0, -1, 8 
repl,[50237],1134, 17417, 4 
repl,[42056],0, -1, 7 
repl,[52349],0, -1, 10 
repl,[60543],0, -1, 11 
repl,[9856],0, -1, 6 
repl,[9856],246, 17536, 3 
repl,[9856],1176, 16512, 4 
repl,[9856],1187, 17408, 4 
repl,[1152],0, -1, 4 
repl,[1152],3, 17536, 1 
repl,[1152],36, 16512, 2 
repl,[1152],39, 17408, 2 
repl,[1152],281, 16384, 3 
repl,[1152],330, 17545, 3 
repl,[1152],1393, 16521, 4 
repl,[1152],1478, 17417, 4 
repl,[9344],0, -1, 5 
repl,[9344],33, 17536, 2 
repl,[9344],245, 16512, 3 
repl,[9344],248, 17408, 3 
repl,[9344],1178, 16384, 4 
repl,[9344],1227, 17545, 4 
repl,[25728],0, -1, 6 
repl,[25728],4, 17536, 1 
repl,[25728],49, 16512, 2 
repl,[25728],52, 17408, 2 
repl,[25728],359, 16384, 3 
repl,[25728],408, 17545, 3 
repl,[25728],1679, 16521, 4 
repl,[25728],1764, 17417, 4 
repl,[8320],0, -1, 4 
repl,[8320],33, 16512, 2 
repl,[8320],245, 17536, 3 
repl,[8320],248, 16384, 3 
repl,[8320],1178, 17408, 4 
repl,[8320],1227, 16521, 4 
repl,[640],0, -1, 4 
repl,[640],37, 16512, 2 
repl,[640],279, 17536, 3 
repl,[640],290, 16384, 3 
repl,[640],1353, 17408, 4 
repl,[640],1429, 16521, 4 
repl,[17024],0, -1, 5 
repl,[17024],8, 16512, 1 
repl,[17024],83, 17536, 2 
repl,[17024],94, 16384, 2 
repl,[17024],534, 17408, 3 
repl,[17024],610, 16521, 3 
repl,[17024],2220, 17545, 4 
repl,[17024],2353, 16393, 4 
repl,[128],0, -1, 3 
repl,[128],3, 16512, 1 
repl,[128],36, 17536, 2 
repl,[128],39, 16384, 2 
repl,[128],281, 17408, 3 
repl,[128],330, 16521, 3 
repl,[128],1393, 17545, 4 
repl,[128],1478, 16393, 4 
repl,[42120],0, -1, 7 
repl,[42120],707, 17536, 4 
repl,[42120],710, 17545, 4 
repl,[649],0, -1, 4 
repl,[649],37, 16521, 2 
repl,[649],279, 17545, 3 
repl,[649],290, 16393, 3 
repl,[649],1353, 17417, 4 
repl,[649],1429, 16512, 4 
repl,[13448],0, -1, 7 
repl,[13448],1161, 17536, 4 
repl,[13448],1164, 17545, 4 
repl,[9864],0, -1, 7 
repl,[9864],1191, 17536, 4 
repl,[9864],1194, 17545, 4 
repl,[13960],0, -1, 8 
repl,[13960],2420, 14298, 4 
repl,[1160],0, -1, 5 
repl,[1160],43, 17536, 2 
repl,[1160],46, 17545, 2 
repl,[1160],285, 16512, 3 
repl,[1160],288, 16521, 3 
repl,[1160],309, 17408, 3 
repl,[1160],312, 17417, 3 
repl,[1160],1372, 16384, 4 
repl,[1160],1375, 16393, 4 
repl,[1161],0, -1, 4 
repl,[1161],3, 17545, 1 
repl,[1161],36, 16521, 2 
repl,[1161],39, 17417, 2 
repl,[1161],281, 16393, 3 
repl,[1161],330, 17536, 3 
repl,[1161],1393, 16512, 4 
repl,[1161],1478, 17408, 4 
repl,[8840],0, -1, 6 
repl,[8840],1191, 16512, 4 
repl,[8840],1194, 16521, 4 
repl,[9865],0, -1, 6 
repl,[9865],246, 17545, 3 
repl,[9865],1176, 16521, 4 
repl,[9865],1187, 17417, 4 
repl,[9353],0, -1, 5 
repl,[9353],33, 17545, 2 
repl,[9353],245, 16521, 3 
repl,[9353],248, 17417, 3 
repl,[9353],1178, 16393, 4 
repl,[9353],1227, 17536, 4 
repl,[8329],0, -1, 4 
repl,[8329],33, 16521, 2 
repl,[8329],245, 17545, 3 
repl,[8329],248, 16393, 3 
repl,[8329],1178, 17417, 4 
repl,[8329],1227, 16512, 4 
repl,[160],0, -1, 4 
repl,[160],41, 16512, 2 
repl,[160],283, 17536, 3 
repl,[160],307, 16384, 3 
repl,[160],1370, 17408, 4 
repl,[160],1503, 16521, 4 
repl,[9376],0, -1, 6 
repl,[9376],250, 17536, 3 
repl,[9376],1180, 16512, 4 
repl,[9376],1204, 17408, 4 
repl,[16544],0, -1, 5 
repl,[16544],12, 16512, 1 
repl,[16544],87, 17536, 2 
repl,[16544],111, 16384, 2 
repl,[16544],551, 17408, 3 
repl,[16544],684, 16521, 3 
repl,[16544],2294, 17545, 4 
repl,[16544],2469, 16393, 4 
repl,[17056],0, -1, 6 
repl,[17056],96, 16512, 2 
repl,[17056],536, 17536, 3 
repl,[17056],587, 16384, 3 
repl,[17056],2197, 17408, 4 
repl,[17056],2378, 16521, 4 
repl,[672],0, -1, 5 
repl,[672],292, 16512, 3 
repl,[672],1355, 17536, 4 
repl,[672],1406, 16384, 4 
repl,[9896],0, -1, 8 
repl,[13480],0, -1, 8 
repl,[25768],0, -1, 8 
repl,[25768],398, 17536, 3 
repl,[25768],401, 17545, 3 
repl,[25768],1669, 16512, 4 
repl,[25768],1672, 16521, 4 
repl,[25768],1754, 17408, 4 
repl,[25768],1757, 17417, 4 
repl,[9384],0, -1, 7 
repl,[9384],1217, 17536, 4 
repl,[9384],1220, 17545, 4 
repl,[9900],0, -1, 9 
repl,[9388],0, -1, 8 
repl,[1193],0, -1, 5 
repl,[1193],41, 17545, 2 
repl,[1193],283, 16521, 3 
repl,[1193],307, 17417, 3 
repl,[1193],1370, 16393, 4 
repl,[1193],1503, 17536, 4 
repl,[9389],0, -1, 7 
repl,[9389],1218, 17545, 4 
repl,[9385],0, -1, 6 
repl,[9385],250, 17545, 3 
repl,[9385],1180, 16521, 4 
repl,[9385],1204, 17417, 4 
repl,[9897],0, -1, 7 
repl,[9897],1189, 17545, 4 
repl,[16512],0, -1, 4 
repl,[16512],1, 16512, 0 
repl,[16512],7, 17536, 1 
repl,[16512],10, 16384, 1 
repl,[16512],85, 17408, 2 
repl,[16512],134, 16521, 2 
repl,[16512],574, 17545, 3 
repl,[16512],659, 16393, 3 
repl,[16512],2269, 17417, 4 
repl,[137],0, -1, 3 
repl,[137],3, 16521, 1 
repl,[137],36, 17545, 2 
repl,[137],39, 16393, 2 
repl,[137],281, 17417, 3 
repl,[137],330, 16512, 3 
repl,[137],1393, 17536, 4 
repl,[137],1478, 16384, 4 
repl,[16521],0, -1, 4 
repl,[16521],1, 16521, 0 
repl,[16521],7, 17545, 1 
repl,[16521],10, 16393, 1 
repl,[16521],85, 17417, 2 
repl,[16521],134, 16512, 2 
repl,[16521],574, 17536, 3 
repl,[16521],659, 16384, 3 
repl,[16521],2269, 17408, 4 
repl,[11964],0, -1, 11 
repl,[1725],0, -1, 8 
repl,[9917],0, -1, 9 
repl,[8],0, -1, 3 
repl,[8],43, 16384, 2 
repl,[8],46, 16393, 2 
repl,[8],285, 17408, 3 
repl,[8],288, 17417, 3 
repl,[8],309, 16512, 3 
repl,[8],312, 16521, 3 
repl,[8],1372, 17536, 4 
repl,[8],1375, 17545, 4 
repl,[17545],0, -1, 5 
repl,[17545],1, 17545, 0 
repl,[17545],7, 16521, 1 
repl,[17545],10, 17417, 1 
repl,[17545],85, 16393, 2 
repl,[17545],134, 17536, 2 
repl,[17545],574, 16512, 3 
repl,[17545],659, 17408, 3 
repl,[17545],2269, 16384, 4 
repl,[17449],0, -1, 5 
repl,[17449],12, 17417, 1 
repl,[17449],87, 16393, 2 
repl,[17449],111, 17545, 2 
repl,[17449],551, 16521, 3 
repl,[17449],684, 17408, 3 
repl,[17449],2294, 16384, 4 
repl,[17449],2469, 17536, 4 
repl,[10237],0, -1, 11 
repl,[48946],0, -1, 11 
repl,[48946],512, 46930, 3 
repl,[48946],2132, 47058, 4 
repl,[47442],0, -1, 9 
repl,[47442],6, 45394, 1 
repl,[47442],75, 45522, 2 
repl,[47442],478, 46930, 3 
repl,[47442],948, 13146, 4 
repl,[47442],2024, 47058, 4 
repl,[16553],0, -1, 5 
repl,[16553],12, 16521, 1 
repl,[16553],87, 17545, 2 
repl,[16553],111, 16393, 2 
repl,[16553],551, 17417, 3 
repl,[16553],684, 16512, 3 
repl,[16553],2294, 17536, 4 
repl,[16553],2469, 16384, 4 
repl,[681],0, -1, 5 
repl,[681],292, 16521, 3 
repl,[681],1355, 17545, 4 
repl,[681],1406, 16393, 4 
repl,[1192],0, -1, 6 
repl,[1192],320, 17536, 3 
repl,[1192],323, 17545, 3 
repl,[1192],1383, 16512, 4 
repl,[1192],1386, 16521, 4 
repl,[1192],1468, 17408, 4 
repl,[1192],1471, 17417, 4 
repl,[49010],0, -1, 12 
repl,[49010],77, 46930, 2 
repl,[49010],506, 47058, 3 
repl,[49010],974, 14170, 4 
repl,[49010],2026, 45394, 4 
repl,[48498],0, -1, 11 
repl,[48498],482, 45394, 3 
repl,[48498],491, 46930, 3 
repl,[48498],2041, 45522, 4 
repl,[48498],2077, 47058, 4 
repl,[17577],0, -1, 6 
repl,[17577],12, 17545, 1 
repl,[17577],87, 16521, 2 
repl,[17577],111, 17417, 2 
repl,[17577],551, 16393, 3 
repl,[17577],684, 17536, 3 
repl,[17577],2294, 16512, 4 
repl,[17577],2469, 17408, 4 
repl,[52605],0, -1, 11 
repl,[61311],0, -1, 13 
repl,[53119],0, -1, 12 
repl,[32639],0, -1, 13 
repl,[52607],0, -1, 11 
repl,[8328],0, -1, 5 
repl,[8328],252, 16512, 3 
repl,[8328],255, 16521, 3 
repl,[8328],1182, 17536, 4 
repl,[8328],1185, 17545, 4 
repl,[8328],1206, 16384, 4 
repl,[8328],1209, 16393, 4 
repl,[16319],0, -1, 12 
repl,[12223],0, -1, 11 
repl,[8841],0, -1, 5 
repl,[8841],246, 16521, 3 
repl,[8841],1176, 17545, 4 
repl,[8841],1187, 16393, 4 
repl,[9352],0, -1, 6 
repl,[9352],252, 17536, 3 
repl,[9352],255, 17545, 3 
repl,[9352],1182, 16512, 4 
repl,[9352],1185, 16521, 4 
repl,[9352],1206, 17408, 4 
repl,[9352],1209, 17417, 4 
repl,[25736],0, -1, 7 
repl,[25736],56, 17536, 2 
repl,[25736],59, 17545, 2 
repl,[25736],363, 16512, 3 
repl,[25736],366, 16521, 3 
repl,[25736],387, 17408, 3 
repl,[25736],390, 17417, 3 
repl,[25736],1658, 16384, 4 
repl,[25736],1661, 16393, 4 
repl,[16383],0, -1, 13 
repl,[16383],2176, 14298, 4 
repl,[14333],0, -1, 12 
repl,[14333],2512, 14298, 4 
repl,[49150],0, -1, 15 
repl,[49150],975, 14298, 4 
repl,[49150],2172, 47058, 4 
repl,[32767],0, -1, 14 
