sst_hhex,[65407],0, -1, 14 
sst_hhex,[52084],0, -1, 11 
sst_hhex,[26492],0, -1, 12 
sst_hhex,[52086],0, -1, 11 
sst_hhex,[48950],0, -1, 12 
sst_hhex,[48950],2155, 46930, 4 
sst_hhex,[48438],0, -1, 11 
sst_hhex,[53108],0, -1, 12 
sst_hhex,[49014],0, -1, 13 
sst_hhex,[49014],520, 46930, 3 
sst_hhex,[49014],2140, 47058, 4 
sst_hhex,[53110],0, -1, 12 
sst_hhex,[65399],0, -1, 13 
sst_hhex,[53111],0, -1, 11 
sst_hhex,[47998],0, -1, 13 
sst_hhex,[47998],975, 13146, 4 
sst_hhex,[48978],0, -1, 11 
sst_hhex,[48978],6, 46930, 1 
sst_hhex,[48978],75, 47058, 2 
sst_hhex,[48978],184, 14170, 3 
sst_hhex,[48978],478, 45394, 3 
sst_hhex,[48978],939, 13146, 4 
sst_hhex,[48978],963, 14298, 4 
sst_hhex,[48978],2024, 45522, 4 
sst_hhex,[15230],0, -1, 12 
sst_hhex,[15230],520, 13146, 3 
sst_hhex,[15230],2055, 14170, 4 
sst_hhex,[15230],2140, 13274, 4 
sst_hhex,[15358],0, -1, 13 
sst_hhex,[15358],520, 13274, 3 
sst_hhex,[15358],2055, 14298, 4 
sst_hhex,[15358],2140, 13146, 4 
sst_hhex,[47958],0, -1, 11 
sst_hhex,[47958],485, 46930, 3 
sst_hhex,[47958],494, 45394, 3 
sst_hhex,[47958],982, 13146, 4 
sst_hhex,[47958],2044, 47058, 4 
sst_hhex,[47958],2080, 45522, 4 
sst_hhex,[48126],0, -1, 14 
sst_hhex,[48126],975, 13274, 4 
sst_hhex,[65366],0, -1, 13 
sst_hhex,[65366],276, 46930, 3 
sst_hhex,[65366],1328, 47058, 4 
sst_hhex,[53078],0, -1, 11 
sst_hhex,[48990],0, -1, 13 
sst_hhex,[48990],185, 14170, 3 
sst_hhex,[48990],527, 46930, 3 
sst_hhex,[48990],940, 13146, 4 
sst_hhex,[48990],964, 14298, 4 
sst_hhex,[48990],2147, 47058, 4 
sst_hhex,[15198],0, -1, 11 
sst_hhex,[15198],80, 13146, 2 
sst_hhex,[15198],485, 14170, 3 
sst_hhex,[15198],509, 13274, 3 
sst_hhex,[15198],2044, 14298, 4 
sst_hhex,[15326],0, -1, 12 
sst_hhex,[15326],80, 13274, 2 
sst_hhex,[15326],485, 14298, 3 
sst_hhex,[15326],509, 13146, 3 
sst_hhex,[15326],2044, 14170, 4 
sst_hhex,[15199],0, -1, 10 
sst_hhex,[15199],531, 13146, 3 
sst_hhex,[15199],2066, 14170, 4 
sst_hhex,[15199],2151, 13274, 4 
sst_hhex,[32638],0, -1, 14 
sst_hhex,[32638],1339, 14170, 4 
sst_hhex,[16244],0, -1, 12 
sst_hhex,[15732],0, -1, 11 
sst_hhex,[61302],0, -1, 13 
sst_hhex,[32631],0, -1, 12 
sst_hhex,[65534],0, -1, 16 
sst_hhex,[47990],0, -1, 12 
sst_hhex,[47990],2055, 46930, 4 
sst_hhex,[47990],2091, 45394, 4 
sst_hhex,[49150],0, -1, 15 
sst_hhex,[49150],975, 14298, 4 
sst_hhex,[49150],2172, 47058, 4 
sst_hhex,[16246],0, -1, 12 
sst_hhex,[16246],975, 46930, 4 
sst_hhex,[16246],2172, 14170, 4 
sst_hhex,[15734],0, -1, 11 
sst_hhex,[32630],0, -1, 13 
sst_hhex,[65406],0, -1, 15 
sst_hhex,[32639],0, -1, 13 
