scbeta,[49023],0, -1, 13 
scbeta,[32767],0, -1, 14 
scbeta,[15134],0, -1, 10 
scbeta,[15134],515, 13146, 3 
scbeta,[15134],2050, 14170, 4 
scbeta,[15134],2135, 13274, 4 
scbeta,[16159],0, -1, 10 
scbeta,[16159],2166, 14170, 4 
scbeta,[15326],0, -1, 12 
scbeta,[15326],80, 13274, 2 
scbeta,[15326],485, 14298, 3 
scbeta,[15326],509, 13146, 3 
scbeta,[15326],2044, 14170, 4 
scbeta,[31583],0, -1, 11 
scbeta,[31583],1350, 13146, 4 
scbeta,[15199],0, -1, 10 
scbeta,[15199],531, 13146, 3 
scbeta,[15199],2066, 14170, 4 
scbeta,[15199],2151, 13274, 4 
scbeta,[49015],0, -1, 12 
scbeta,[49015],2176, 46930, 4 
scbeta,[32631],0, -1, 12 
scbeta,[47998],0, -1, 13 
scbeta,[47998],975, 13146, 4 
scbeta,[48978],0, -1, 11 
scbeta,[48978],6, 46930, 1 
scbeta,[48978],75, 47058, 2 
scbeta,[48978],184, 14170, 3 
scbeta,[48978],478, 45394, 3 
scbeta,[48978],939, 13146, 4 
scbeta,[48978],963, 14298, 4 
scbeta,[48978],2024, 45522, 4 
scbeta,[47954],0, -1, 10 
scbeta,[47954],72, 46930, 2 
scbeta,[47954],73, 45394, 2 
scbeta,[47954],184, 13146, 3 
scbeta,[47954],480, 47058, 3 
scbeta,[47954],489, 45522, 3 
scbeta,[47954],939, 14170, 4 
scbeta,[47954],963, 13274, 4 
scbeta,[47958],0, -1, 11 
scbeta,[47958],485, 46930, 3 
scbeta,[47958],494, 45394, 3 
scbeta,[47958],982, 13146, 4 
scbeta,[47958],2044, 47058, 4 
scbeta,[47958],2080, 45522, 4 
scbeta,[47999],0, -1, 12 
scbeta,[15231],0, -1, 11 
scbeta,[15231],2176, 13146, 4 
scbeta,[47446],0, -1, 10 
scbeta,[47446],80, 45394, 2 
scbeta,[47446],509, 45522, 3 
scbeta,[47446],2029, 46930, 4 
scbeta,[14686],0, -1, 10 
scbeta,[14686],494, 13146, 3 
scbeta,[14686],982, 45394, 4 
scbeta,[14686],2029, 14170, 4 
scbeta,[14686],2080, 13274, 4 
scbeta,[48990],0, -1, 13 
scbeta,[48990],185, 14170, 3 
scbeta,[48990],527, 46930, 3 
scbeta,[48990],940, 13146, 4 
scbeta,[48990],964, 14298, 4 
scbeta,[48990],2147, 47058, 4 
scbeta,[16222],0, -1, 12 
scbeta,[16222],80, 14170, 2 
scbeta,[16222],485, 13146, 3 
scbeta,[16222],509, 14298, 3 
scbeta,[16222],982, 46930, 4 
scbeta,[16222],2044, 13274, 4 
scbeta,[47966],0, -1, 12 
scbeta,[47966],185, 13146, 3 
scbeta,[47966],940, 14170, 4 
scbeta,[47966],964, 13274, 4 
scbeta,[47966],2062, 46930, 4 
scbeta,[47966],2098, 45394, 4 
scbeta,[49118],0, -1, 14 
scbeta,[49118],185, 14298, 3 
scbeta,[49118],527, 47058, 3 
scbeta,[49118],940, 13274, 4 
scbeta,[49118],964, 14170, 4 
scbeta,[49118],2147, 46930, 4 
scbeta,[16350],0, -1, 13 
scbeta,[16350],80, 14298, 2 
scbeta,[16350],485, 13274, 3 
scbeta,[16350],509, 14170, 3 
scbeta,[16350],982, 47058, 4 
scbeta,[16350],2044, 13146, 4 
scbeta,[15198],0, -1, 11 
scbeta,[15198],80, 13146, 2 
scbeta,[15198],485, 14170, 3 
scbeta,[15198],509, 13274, 3 
scbeta,[15198],2044, 14298, 4 
scbeta,[32607],0, -1, 12 
scbeta,[32607],1350, 14170, 4 
scbeta,[16223],0, -1, 11 
scbeta,[16223],531, 14170, 3 
scbeta,[16223],2066, 13146, 4 
scbeta,[16223],2151, 14298, 4 
scbeta,[48094],0, -1, 13 
scbeta,[48094],185, 13274, 3 
scbeta,[48094],940, 14298, 4 
scbeta,[48094],964, 13146, 4 
scbeta,[48094],2062, 47058, 4 
scbeta,[48094],2098, 45522, 4 
scbeta,[15327],0, -1, 11 
scbeta,[15327],531, 13274, 3 
scbeta,[15327],2066, 14298, 4 
scbeta,[15327],2151, 13146, 4 
scbeta,[13150],0, -1, 10 
scbeta,[13150],15, 13146, 1 
scbeta,[13150],90, 14170, 2 
scbeta,[13150],114, 13274, 2 
scbeta,[13150],554, 14298, 3 
scbeta,[13150],1027, 46930, 4 
scbeta,[13150],1063, 45394, 4 
scbeta,[65406],0, -1, 15 
scbeta,[49022],0, -1, 14 
scbeta,[49022],975, 14170, 4 
scbeta,[49022],2172, 46930, 4 
scbeta,[32639],0, -1, 13 
scbeta,[47990],0, -1, 12 
scbeta,[47990],2055, 46930, 4 
scbeta,[47990],2091, 45394, 4 
scbeta,[16255],0, -1, 12 
scbeta,[16255],2176, 14170, 4 
scbeta,[49014],0, -1, 13 
scbeta,[49014],520, 46930, 3 
scbeta,[49014],2140, 47058, 4 
scbeta,[48502],0, -1, 12 
scbeta,[48502],2055, 45394, 4 
scbeta,[48502],2091, 46930, 4 
scbeta,[65534],0, -1, 16 
scbeta,[16383],0, -1, 13 
scbeta,[16383],2176, 14298, 4 
scbeta,[24575],0, -1, 13 
scbeta,[15230],0, -1, 12 
scbeta,[15230],520, 13146, 3 
scbeta,[15230],2055, 14170, 4 
scbeta,[15230],2140, 13274, 4 
scbeta,[65407],0, -1, 14 
