neurog3,[49789],0, -1, 9 
neurog3,[17417],0, -1, 4 
neurog3,[17417],1, 17417, 0 
neurog3,[17417],7, 16393, 1 
neurog3,[17417],10, 17545, 1 
neurog3,[17417],85, 16521, 2 
neurog3,[17417],134, 17408, 2 
neurog3,[17417],574, 16384, 3 
neurog3,[17417],659, 17536, 3 
neurog3,[17417],2269, 16512, 4 
neurog3,[16393],0, -1, 3 
neurog3,[16393],1, 16393, 0 
neurog3,[16393],7, 17417, 1 
neurog3,[16393],10, 16521, 1 
neurog3,[16393],85, 17545, 2 
neurog3,[16393],134, 16384, 2 
neurog3,[16393],574, 17408, 3 
neurog3,[16393],659, 16512, 3 
neurog3,[16393],2269, 17536, 4 
neurog3,[50813],0, -1, 10 
neurog3,[16421],0, -1, 4 
neurog3,[16421],682, 16393, 3 
neurog3,[16421],686, 16384, 3 
neurog3,[16421],2292, 17417, 4 
neurog3,[16421],2296, 17408, 4 
neurog3,[16421],2467, 16521, 4 
neurog3,[16421],2471, 16512, 4 
neurog3,[16933],0, -1, 5 
neurog3,[16933],2376, 16393, 4 
neurog3,[16933],2380, 16384, 4 
neurog3,[16425],0, -1, 4 
neurog3,[16425],12, 16393, 1 
neurog3,[16425],87, 17417, 2 
neurog3,[16425],111, 16521, 2 
neurog3,[16425],551, 17545, 3 
neurog3,[16425],684, 16384, 3 
neurog3,[16425],2294, 17408, 4 
neurog3,[16425],2469, 16512, 4 
neurog3,[16553],0, -1, 5 
neurog3,[16553],12, 16521, 1 
neurog3,[16553],87, 17545, 2 
neurog3,[16553],111, 16393, 2 
neurog3,[16553],551, 17417, 3 
neurog3,[16553],684, 16512, 3 
neurog3,[16553],2294, 17536, 4 
neurog3,[16553],2469, 16384, 4 
neurog3,[17577],0, -1, 6 
neurog3,[17577],12, 17545, 1 
neurog3,[17577],87, 16521, 2 
neurog3,[17577],111, 17417, 2 
neurog3,[17577],551, 16393, 3 
neurog3,[17577],684, 17536, 3 
neurog3,[17577],2294, 16512, 4 
neurog3,[17577],2469, 17408, 4 
neurog3,[16429],0, -1, 5 
neurog3,[16429],125, 16393, 2 
neurog3,[16429],565, 17417, 3 
neurog3,[16429],650, 16521, 3 
neurog3,[16429],2260, 17545, 4 
neurog3,[16429],2510, 16384, 4 
neurog3,[16941],0, -1, 6 
neurog3,[16941],601, 16393, 3 
neurog3,[16941],2211, 17417, 4 
neurog3,[16941],2344, 16521, 4 
neurog3,[50551],0, -1, 9 
neurog3,[49205],0, -1, 6 
neurog3,[49717],0, -1, 7 
neurog3,[16949],0, -1, 6 
neurog3,[16437],0, -1, 5 
neurog3,[16437],2503, 16393, 4 
neurog3,[16437],2507, 16384, 4 
neurog3,[16957],0, -1, 7 
neurog3,[16957],2373, 16393, 4 
neurog3,[16445],0, -1, 6 
neurog3,[16445],679, 16393, 3 
neurog3,[16445],2289, 17417, 4 
neurog3,[16445],2464, 16521, 4 
neurog3,[49725],0, -1, 8 
neurog3,[53108],0, -1, 12 
neurog3,[51837],0, -1, 10 
neurog3,[52855],0, -1, 10 
neurog3,[49268],0, -1, 8 
neurog3,[53111],0, -1, 11 
neurog3,[49270],0, -1, 8 
neurog3,[49271],0, -1, 7 
neurog3,[49781],0, -1, 8 
neurog3,[17013],0, -1, 7 
neurog3,[52861],0, -1, 11 
neurog3,[51316],0, -1, 9 
neurog3,[51829],0, -1, 9 
neurog3,[49269],0, -1, 7 
neurog3,[52087],0, -1, 10 
neurog3,[52086],0, -1, 11 
neurog3,[52085],0, -1, 10 
neurog3,[53110],0, -1, 12 
neurog3,[51828],0, -1, 10 
neurog3,[52084],0, -1, 11 
neurog3,[17021],0, -1, 8 
neurog3,[52598],0, -1, 11 
neurog3,[51318],0, -1, 9 
