nkx61,[512],0, -1, 3 
nkx61,[512],37, 16384, 2 
nkx61,[512],279, 17408, 3 
nkx61,[512],290, 16512, 3 
nkx61,[512],1353, 17536, 4 
nkx61,[512],1429, 16393, 4 
nkx61,[513],0, -1, 2 
nkx61,[513],294, 16393, 3 
nkx61,[513],297, 16384, 3 
nkx61,[513],1357, 17417, 4 
nkx61,[513],1360, 17408, 4 
nkx61,[513],1408, 16521, 4 
nkx61,[513],1411, 16512, 4 
nkx61,[641],0, -1, 3 
nkx61,[641],294, 16521, 3 
nkx61,[641],297, 16512, 3 
nkx61,[641],1357, 17545, 4 
nkx61,[641],1360, 17536, 4 
nkx61,[641],1408, 16393, 4 
nkx61,[641],1411, 16384, 4 
nkx61,[17025],0, -1, 4 
nkx61,[17025],98, 16521, 2 
nkx61,[17025],101, 16512, 2 
nkx61,[17025],538, 17545, 3 
nkx61,[17025],541, 17536, 3 
nkx61,[17025],589, 16393, 3 
nkx61,[17025],592, 16384, 3 
nkx61,[17025],2199, 17417, 4 
nkx61,[17025],2202, 17408, 4 
nkx61,[129],0, -1, 2 
nkx61,[129],43, 16521, 2 
nkx61,[129],46, 16512, 2 
nkx61,[129],285, 17545, 3 
nkx61,[129],288, 17536, 3 
nkx61,[129],309, 16393, 3 
nkx61,[129],312, 16384, 3 
nkx61,[129],1372, 17417, 4 
nkx61,[129],1375, 17408, 4 
nkx61,[16897],0, -1, 3 
nkx61,[16897],98, 16393, 2 
nkx61,[16897],101, 16384, 2 
nkx61,[16897],538, 17417, 3 
nkx61,[16897],541, 17408, 3 
nkx61,[16897],589, 16521, 3 
nkx61,[16897],592, 16512, 3 
nkx61,[16897],2199, 17545, 4 
nkx61,[16897],2202, 17536, 4 
nkx61,[17921],0, -1, 4 
nkx61,[17921],98, 17417, 2 
nkx61,[17921],101, 17408, 2 
nkx61,[17921],538, 16393, 3 
nkx61,[17921],541, 16384, 3 
nkx61,[17921],589, 17545, 3 
nkx61,[17921],592, 17536, 3 
nkx61,[17921],2199, 16521, 4 
nkx61,[17921],2202, 16512, 4 
nkx61,[16513],0, -1, 3 
nkx61,[16513],14, 16521, 1 
nkx61,[16513],17, 16512, 1 
nkx61,[16513],89, 17545, 2 
nkx61,[16513],92, 17536, 2 
nkx61,[16513],113, 16393, 2 
nkx61,[16513],116, 16384, 2 
nkx61,[16513],553, 17417, 3 
nkx61,[16513],556, 17408, 3 
nkx61,[16385],0, -1, 2 
nkx61,[16385],14, 16393, 1 
nkx61,[16385],17, 16384, 1 
nkx61,[16385],89, 17417, 2 
nkx61,[16385],92, 17408, 2 
nkx61,[16385],113, 16521, 2 
nkx61,[16385],116, 16512, 2 
nkx61,[16385],553, 17545, 3 
nkx61,[16385],556, 17536, 3 
nkx61,[9353],0, -1, 5 
nkx61,[9353],33, 17545, 2 
nkx61,[9353],245, 16521, 3 
nkx61,[9353],248, 17417, 3 
nkx61,[9353],1178, 16393, 4 
nkx61,[9353],1227, 17536, 4 
nkx61,[24585],0, -1, 4 
nkx61,[24585],4, 16393, 1 
nkx61,[24585],49, 17417, 2 
nkx61,[24585],52, 16521, 2 
nkx61,[24585],359, 17545, 3 
nkx61,[24585],408, 16384, 3 
nkx61,[24585],1679, 17408, 4 
nkx61,[24585],1764, 16512, 4 
nkx61,[17417],0, -1, 4 
nkx61,[17417],1, 17417, 0 
nkx61,[17417],7, 16393, 1 
nkx61,[17417],10, 17545, 1 
nkx61,[17417],85, 16521, 2 
nkx61,[17417],134, 17408, 2 
nkx61,[17417],574, 16384, 3 
nkx61,[17417],659, 17536, 3 
nkx61,[17417],2269, 16512, 4 
nkx61,[1545],0, -1, 4 
nkx61,[1545],37, 17417, 2 
nkx61,[1545],279, 16393, 3 
nkx61,[1545],290, 17545, 3 
nkx61,[1545],1353, 16521, 4 
nkx61,[1545],1429, 17408, 4 
nkx61,[16905],0, -1, 4 
nkx61,[16905],8, 16393, 1 
nkx61,[16905],83, 17417, 2 
nkx61,[16905],94, 16521, 2 
nkx61,[16905],534, 17545, 3 
nkx61,[16905],610, 16384, 3 
nkx61,[16905],2220, 17408, 4 
nkx61,[16905],2353, 16512, 4 
nkx61,[16393],0, -1, 3 
nkx61,[16393],1, 16393, 0 
nkx61,[16393],7, 17417, 1 
nkx61,[16393],10, 16521, 1 
nkx61,[16393],85, 17545, 2 
nkx61,[16393],134, 16384, 2 
nkx61,[16393],574, 17408, 3 
nkx61,[16393],659, 16512, 3 
nkx61,[16393],2269, 17536, 4 
nkx61,[17033],0, -1, 5 
nkx61,[17033],8, 16521, 1 
nkx61,[17033],83, 17545, 2 
nkx61,[17033],94, 16393, 2 
nkx61,[17033],534, 17417, 3 
nkx61,[17033],610, 16512, 3 
nkx61,[17033],2220, 17536, 4 
nkx61,[17033],2353, 16384, 4 
nkx61,[649],0, -1, 4 
nkx61,[649],37, 16521, 2 
nkx61,[649],279, 17545, 3 
nkx61,[649],290, 16393, 3 
nkx61,[649],1353, 17417, 4 
nkx61,[649],1429, 16512, 4 
nkx61,[137],0, -1, 3 
nkx61,[137],3, 16521, 1 
nkx61,[137],36, 17545, 2 
nkx61,[137],39, 16393, 2 
nkx61,[137],281, 17417, 3 
nkx61,[137],330, 16512, 3 
nkx61,[137],1393, 17536, 4 
nkx61,[137],1478, 16384, 4 
nkx61,[521],0, -1, 3 
nkx61,[521],37, 16393, 2 
nkx61,[521],279, 17417, 3 
nkx61,[521],290, 16521, 3 
nkx61,[521],1353, 17545, 4 
nkx61,[521],1429, 16384, 4 
nkx61,[17421],0, -1, 5 
nkx61,[17421],15, 17417, 1 
nkx61,[17421],90, 16393, 2 
nkx61,[17421],114, 17545, 2 
nkx61,[17421],554, 16521, 3 
nkx61,[17421],695, 17408, 3 
nkx61,[17421],2305, 16384, 4 
nkx61,[17421],2480, 17536, 4 
nkx61,[16397],0, -1, 4 
nkx61,[16397],15, 16393, 1 
nkx61,[16397],90, 17417, 2 
nkx61,[16397],114, 16521, 2 
nkx61,[16397],554, 17545, 3 
nkx61,[16397],695, 16384, 3 
nkx61,[16397],2305, 17408, 4 
nkx61,[16397],2480, 16512, 4 
nkx61,[50301],0, -1, 9 
nkx61,[1],0, -1, 1 
nkx61,[1],43, 16393, 2 
nkx61,[1],46, 16384, 2 
nkx61,[1],285, 17417, 3 
nkx61,[1],288, 17408, 3 
nkx61,[1],309, 16521, 3 
nkx61,[1],312, 16512, 3 
nkx61,[1],1372, 17545, 4 
nkx61,[1],1375, 17536, 4 
nkx61,[17441],0, -1, 4 
nkx61,[17441],124, 17417, 2 
nkx61,[17441],127, 17408, 2 
nkx61,[17441],564, 16393, 3 
nkx61,[17441],567, 16384, 3 
nkx61,[17441],649, 17545, 3 
nkx61,[17441],652, 17536, 3 
nkx61,[17441],2259, 16521, 4 
nkx61,[17441],2262, 16512, 4 
nkx61,[16417],0, -1, 3 
nkx61,[16417],124, 16393, 2 
nkx61,[16417],127, 16384, 2 
nkx61,[16417],564, 17417, 3 
nkx61,[16417],567, 17408, 3 
nkx61,[16417],649, 16521, 3 
nkx61,[16417],652, 16512, 3 
nkx61,[16417],2259, 17545, 4 
nkx61,[16417],2262, 17536, 4 
nkx61,[49701],0, -1, 6 
nkx61,[16421],0, -1, 4 
nkx61,[16421],682, 16393, 3 
nkx61,[16421],686, 16384, 3 
nkx61,[16421],2292, 17417, 4 
nkx61,[16421],2296, 17408, 4 
nkx61,[16421],2467, 16521, 4 
nkx61,[16421],2471, 16512, 4 
nkx61,[1025],0, -1, 2 
nkx61,[1025],43, 17417, 2 
nkx61,[1025],46, 17408, 2 
nkx61,[1025],285, 16393, 3 
nkx61,[1025],288, 16384, 3 
nkx61,[1025],309, 17545, 3 
nkx61,[1025],312, 17536, 3 
nkx61,[1025],1372, 16521, 4 
nkx61,[1025],1375, 16512, 4 
nkx61,[17409],0, -1, 3 
nkx61,[17409],14, 17417, 1 
nkx61,[17409],17, 17408, 1 
nkx61,[17409],89, 16393, 2 
nkx61,[17409],92, 16384, 2 
nkx61,[17409],113, 17545, 2 
nkx61,[17409],116, 17536, 2 
nkx61,[17409],553, 16521, 3 
nkx61,[17409],556, 16512, 3 
nkx61,[16553],0, -1, 5 
nkx61,[16553],12, 16521, 1 
nkx61,[16553],87, 17545, 2 
nkx61,[16553],111, 16393, 2 
nkx61,[16553],551, 17417, 3 
nkx61,[16553],684, 16512, 3 
nkx61,[16553],2294, 17536, 4 
nkx61,[16553],2469, 16384, 4 
nkx61,[1705],0, -1, 6 
nkx61,[1705],292, 17545, 3 
nkx61,[1705],1355, 16521, 4 
nkx61,[1705],1406, 17417, 4 
nkx61,[16937],0, -1, 5 
nkx61,[16937],96, 16393, 2 
nkx61,[16937],536, 17417, 3 
nkx61,[16937],587, 16521, 3 
nkx61,[16937],2197, 17545, 4 
nkx61,[16937],2378, 16384, 4 
nkx61,[17961],0, -1, 6 
nkx61,[17961],96, 17417, 2 
nkx61,[17961],536, 16393, 3 
nkx61,[17961],587, 17545, 3 
nkx61,[17961],2197, 16521, 4 
nkx61,[17961],2378, 17408, 4 
nkx61,[16429],0, -1, 5 
nkx61,[16429],125, 16393, 2 
nkx61,[16429],565, 17417, 3 
nkx61,[16429],650, 16521, 3 
nkx61,[16429],2260, 17545, 4 
nkx61,[16429],2510, 16384, 4 
nkx61,[59437],0, -1, 8 
nkx61,[17453],0, -1, 6 
nkx61,[17453],125, 17417, 2 
nkx61,[17453],565, 16393, 3 
nkx61,[17453],650, 17545, 3 
nkx61,[17453],2260, 16521, 4 
nkx61,[17453],2510, 17408, 4 
nkx61,[17069],0, -1, 7 
nkx61,[17069],601, 16521, 3 
nkx61,[17069],2211, 17545, 4 
nkx61,[17069],2344, 16393, 4 
nkx61,[17965],0, -1, 7 
nkx61,[17965],601, 17417, 3 
nkx61,[17965],2211, 16393, 4 
nkx61,[17965],2344, 17545, 4 
nkx61,[16425],0, -1, 4 
nkx61,[16425],12, 16393, 1 
nkx61,[16425],87, 17417, 2 
nkx61,[16425],111, 16521, 2 
nkx61,[16425],551, 17545, 3 
nkx61,[16425],684, 16384, 3 
nkx61,[16425],2294, 17408, 4 
nkx61,[16425],2469, 16512, 4 
nkx61,[45],0, -1, 4 
nkx61,[45],321, 16393, 3 
nkx61,[45],1384, 17417, 4 
nkx61,[45],1469, 16521, 4 
nkx61,[16557],0, -1, 6 
nkx61,[16557],125, 16521, 2 
nkx61,[16557],565, 17545, 3 
nkx61,[16557],650, 16393, 3 
nkx61,[16557],2260, 17417, 4 
nkx61,[16557],2510, 16512, 4 
nkx61,[49197],0, -1, 6 
nkx61,[49197],230, 16393, 3 
nkx61,[49197],1020, 17417, 4 
nkx61,[49197],1105, 16521, 4 
nkx61,[9],0, -1, 2 
nkx61,[9],3, 16393, 1 
nkx61,[9],36, 17417, 2 
nkx61,[9],39, 16521, 2 
nkx61,[9],281, 17545, 3 
nkx61,[9],330, 16384, 3 
nkx61,[9],1393, 17408, 4 
nkx61,[9],1478, 16512, 4 
nkx61,[16521],0, -1, 4 
nkx61,[16521],1, 16521, 0 
nkx61,[16521],7, 17545, 1 
nkx61,[16521],10, 16393, 1 
nkx61,[16521],85, 17417, 2 
nkx61,[16521],134, 16512, 2 
nkx61,[16521],574, 17536, 3 
nkx61,[16521],659, 16384, 3 
nkx61,[16521],2269, 17408, 4 
nkx61,[49725],0, -1, 8 
nkx61,[1033],0, -1, 3 
nkx61,[1033],3, 17417, 1 
nkx61,[1033],36, 16393, 2 
nkx61,[1033],39, 17545, 2 
nkx61,[1033],281, 16521, 3 
nkx61,[1033],330, 17408, 3 
nkx61,[1033],1393, 16384, 4 
nkx61,[1033],1478, 17536, 4 
nkx61,[41],0, -1, 3 
nkx61,[41],41, 16393, 2 
nkx61,[41],283, 17417, 3 
nkx61,[41],307, 16521, 3 
nkx61,[41],1370, 17545, 4 
nkx61,[41],1503, 16384, 4 
nkx61,[17545],0, -1, 5 
nkx61,[17545],1, 17545, 0 
nkx61,[17545],7, 16521, 1 
nkx61,[17545],10, 17417, 1 
nkx61,[17545],85, 16393, 2 
nkx61,[17545],134, 17536, 2 
nkx61,[17545],574, 16512, 3 
nkx61,[17545],659, 17408, 3 
nkx61,[17545],2269, 16384, 4 
nkx61,[169],0, -1, 4 
nkx61,[169],41, 16521, 2 
nkx61,[169],283, 17545, 3 
nkx61,[169],307, 16393, 3 
nkx61,[169],1370, 17417, 4 
nkx61,[169],1503, 16512, 4 
nkx61,[1161],0, -1, 4 
nkx61,[1161],3, 17545, 1 
nkx61,[1161],36, 16521, 2 
nkx61,[1161],39, 17417, 2 
nkx61,[1161],281, 16393, 3 
nkx61,[1161],330, 17536, 3 
nkx61,[1161],1393, 16512, 4 
nkx61,[1161],1478, 17408, 4 
nkx61,[17929],0, -1, 5 
nkx61,[17929],8, 17417, 1 
nkx61,[17929],83, 16393, 2 
nkx61,[17929],94, 17545, 2 
nkx61,[17929],534, 16521, 3 
nkx61,[17929],610, 17408, 3 
nkx61,[17929],2220, 16384, 4 
nkx61,[17929],2353, 17536, 4 
nkx61,[44127],0, -1, 9 
nkx61,[553],0, -1, 4 
nkx61,[553],292, 16393, 3 
nkx61,[553],1355, 17417, 4 
nkx61,[553],1406, 16521, 4 
nkx61,[52607],0, -1, 11 
nkx61,[1065],0, -1, 4 
nkx61,[1065],41, 17417, 2 
nkx61,[1065],283, 16393, 3 
nkx61,[1065],307, 17545, 3 
nkx61,[1065],1370, 16521, 4 
nkx61,[1065],1503, 17408, 4 
nkx61,[17449],0, -1, 5 
nkx61,[17449],12, 17417, 1 
nkx61,[17449],87, 16393, 2 
nkx61,[17449],111, 17545, 2 
nkx61,[17449],551, 16521, 3 
nkx61,[17449],684, 17408, 3 
nkx61,[17449],2294, 16384, 4 
nkx61,[17449],2469, 17536, 4 
nkx61,[17577],0, -1, 6 
nkx61,[17577],12, 17545, 1 
nkx61,[17577],87, 16521, 2 
nkx61,[17577],111, 17417, 2 
nkx61,[17577],551, 16393, 3 
nkx61,[17577],684, 17536, 3 
nkx61,[17577],2294, 16512, 4 
nkx61,[17577],2469, 17408, 4 
nkx61,[16941],0, -1, 6 
nkx61,[16941],601, 16393, 3 
nkx61,[16941],2211, 17417, 4 
nkx61,[16941],2344, 16521, 4 
nkx61,[1193],0, -1, 5 
nkx61,[1193],41, 17545, 2 
nkx61,[1193],283, 16521, 3 
nkx61,[1193],307, 17417, 3 
nkx61,[1193],1370, 16393, 4 
nkx61,[1193],1503, 17536, 4 
nkx61,[57206],0, -1, 13 
nkx61,[53110],0, -1, 12 
nkx61,[60795],0, -1, 11 
nkx61,[49277],0, -1, 8 
nkx61,[52351],0, -1, 10 
