ph,[45058],0, -1, 5 
ph,[45058],622, 45394, 3 
ph,[45058],2393, 45522, 4 
ph,[12290],0, -1, 4 
ph,[12290],1077, 45394, 4 
ph,[12290],1163, 16384, 4 
ph,[47106],0, -1, 6 
ph,[47106],2112, 45394, 4 
ph,[53119],0, -1, 12 
ph,[45090],0, -1, 6 
ph,[45090],2413, 45394, 4 
ph,[61270],0, -1, 12 
ph,[61270],1239, 46930, 4 
ph,[44886],0, -1, 11 
ph,[44886],420, 46930, 3 
ph,[44886],1834, 47058, 4 
ph,[16425],0, -1, 4 
ph,[16425],12, 16393, 1 
ph,[16425],87, 17417, 2 
ph,[16425],111, 16521, 2 
ph,[16425],551, 17545, 3 
ph,[16425],684, 16384, 3 
ph,[16425],2294, 17408, 4 
ph,[16425],2469, 16512, 4 
ph,[16429],0, -1, 5 
ph,[16429],125, 16393, 2 
ph,[16429],565, 17417, 3 
ph,[16429],650, 16521, 3 
ph,[16429],2260, 17545, 4 
ph,[16429],2510, 16384, 4 
ph,[16941],0, -1, 6 
ph,[16941],601, 16393, 3 
ph,[16941],2211, 17417, 4 
ph,[16941],2344, 16521, 4 
ph,[50733],0, -1, 8 
ph,[50733],1056, 17417, 4 
ph,[50221],0, -1, 7 
ph,[50221],230, 17417, 3 
ph,[50221],1020, 16393, 4 
ph,[50221],1105, 17545, 4 
ph,[56694],0, -1, 12 
ph,[40310],0, -1, 11 
ph,[52797],0, -1, 10 
ph,[50237],0, -1, 8 
ph,[50237],1134, 17417, 4 
ph,[50749],0, -1, 9 
ph,[47170],0, -1, 7 
ph,[47170],500, 45394, 3 
ph,[47170],2106, 45522, 4 
ph,[40822],0, -1, 12 
ph,[40822],1625, 46930, 4 
ph,[57207],0, -1, 12 
ph,[50292],0, -1, 9 
ph,[50293],0, -1, 8 
ph,[49268],0, -1, 8 
ph,[51829],0, -1, 9 
ph,[52853],0, -1, 10 
ph,[49269],0, -1, 7 
ph,[49781],0, -1, 8 
ph,[50805],0, -1, 9 
ph,[52855],0, -1, 10 
ph,[49271],0, -1, 7 
ph,[51318],0, -1, 9 
ph,[50301],0, -1, 9 
ph,[51837],0, -1, 10 
ph,[60543],0, -1, 11 
ph,[52351],0, -1, 10 
ph,[52349],0, -1, 10 
ph,[50303],0, -1, 9 
ph,[52863],0, -1, 11 
ph,[49789],0, -1, 9 
ph,[48466],0, -1, 10 
ph,[48466],72, 45394, 2 
ph,[48466],73, 46930, 2 
ph,[48466],480, 45522, 3 
ph,[48466],489, 47058, 3 
ph,[48466],948, 14170, 4 
ph,[52861],0, -1, 11 
ph,[50807],0, -1, 9 
ph,[50295],0, -1, 8 
ph,[52342],0, -1, 10 
ph,[15199],0, -1, 10 
ph,[15199],531, 13146, 3 
ph,[15199],2066, 14170, 4 
ph,[15199],2151, 13274, 4 
ph,[52343],0, -1, 9 
ph,[49853],0, -1, 9 
ph,[44918],0, -1, 12 
ph,[44918],1845, 46930, 4 
ph,[61302],0, -1, 13 
ph,[44919],0, -1, 11 
ph,[61303],0, -1, 12 
ph,[48898],0, -1, 9 
ph,[48898],513, 46930, 3 
ph,[48898],2133, 47058, 4 
ph,[47874],0, -1, 8 
ph,[47874],2048, 46930, 4 
ph,[47874],2084, 45394, 4 
ph,[47362],0, -1, 7 
ph,[47362],513, 45394, 3 
ph,[47362],2133, 45522, 4 
ph,[45314],0, -1, 6 
ph,[45314],118, 45394, 2 
ph,[45314],643, 45522, 3 
ph,[45314],2204, 46930, 4 
ph,[48386],0, -1, 8 
ph,[48386],2048, 45394, 4 
ph,[48386],2084, 46930, 4 
ph,[12546],0, -1, 5 
ph,[12546],223, 45394, 3 
ph,[12546],1098, 45522, 4 
ph,[12546],2362, 13146, 4 
ph,[48402],0, -1, 9 
ph,[48402],481, 45394, 3 
ph,[48402],490, 46930, 3 
ph,[48402],2040, 45522, 4 
ph,[48402],2076, 47058, 4 
ph,[48914],0, -1, 10 
ph,[48914],76, 46930, 2 
ph,[48914],505, 47058, 3 
ph,[48914],969, 14170, 4 
ph,[48914],2025, 45394, 4 
ph,[52566],0, -1, 10 
ph,[47478],0, -1, 11 
ph,[47478],520, 45394, 3 
ph,[47478],2140, 45522, 4 
ph,[48418],0, -1, 9 
ph,[47394],0, -1, 8 
ph,[47394],2153, 45394, 4 
ph,[48930],0, -1, 10 
ph,[48930],2153, 46930, 4 
ph,[45346],0, -1, 7 
ph,[45346],663, 45394, 3 
ph,[45346],2448, 45522, 4 
ph,[48498],0, -1, 11 
ph,[48498],482, 45394, 3 
ph,[48498],491, 46930, 3 
ph,[48498],2041, 45522, 4 
ph,[48498],2077, 47058, 4 
ph,[53078],0, -1, 11 
ph,[47990],0, -1, 12 
ph,[47990],2055, 46930, 4 
ph,[47990],2091, 45394, 4 
ph,[15732],0, -1, 11 
ph,[48946],0, -1, 11 
ph,[48946],512, 46930, 3 
ph,[48946],2132, 47058, 4 
ph,[65334],0, -1, 13 
ph,[32639],0, -1, 13 
ph,[65346],0, -1, 11 
ph,[65346],274, 46930, 3 
ph,[65346],1326, 47058, 4 
ph,[47938],0, -1, 9 
ph,[47938],483, 46930, 3 
ph,[47938],492, 45394, 3 
ph,[47938],978, 13146, 4 
ph,[47938],2042, 47058, 4 
ph,[47938],2078, 45522, 4 
ph,[48962],0, -1, 10 
ph,[48962],78, 46930, 2 
ph,[48962],507, 47058, 3 
ph,[48962],978, 14170, 4 
ph,[48962],2027, 45394, 4 
ph,[47426],0, -1, 8 
ph,[47426],78, 45394, 2 
ph,[47426],507, 45522, 3 
ph,[47426],2027, 46930, 4 
ph,[48450],0, -1, 9 
ph,[48450],483, 45394, 3 
ph,[48450],492, 46930, 3 
ph,[48450],2042, 45522, 4 
ph,[48450],2078, 47058, 4 
ph,[47430],0, -1, 9 
ph,[47430],524, 45394, 3 
ph,[47430],2144, 45522, 4 
ph,[45378],0, -1, 7 
ph,[45378],13, 45394, 1 
ph,[45378],112, 45522, 2 
ph,[45378],537, 46930, 3 
ph,[45378],1059, 13146, 4 
ph,[45378],2198, 47058, 4 
ph,[47942],0, -1, 10 
ph,[47942],2059, 46930, 4 
ph,[47942],2095, 45394, 4 
ph,[49014],0, -1, 13 
ph,[49014],520, 46930, 3 
ph,[49014],2140, 47058, 4 
ph,[48966],0, -1, 11 
ph,[48966],524, 46930, 3 
ph,[48966],2144, 47058, 4 
ph,[16247],0, -1, 11 
ph,[65399],0, -1, 13 
ph,[32631],0, -1, 12 
ph,[47954],0, -1, 10 
ph,[47954],72, 46930, 2 
ph,[47954],73, 45394, 2 
ph,[47954],184, 13146, 3 
ph,[47954],480, 47058, 3 
ph,[47954],489, 45522, 3 
ph,[47954],939, 14170, 4 
ph,[47954],963, 13274, 4 
ph,[48978],0, -1, 11 
ph,[48978],6, 46930, 1 
ph,[48978],75, 47058, 2 
ph,[48978],184, 14170, 3 
ph,[48978],478, 45394, 3 
ph,[48978],939, 13146, 4 
ph,[48978],963, 14298, 4 
ph,[48978],2024, 45522, 4 
ph,[47442],0, -1, 9 
ph,[47442],6, 45394, 1 
ph,[47442],75, 45522, 2 
ph,[47442],478, 46930, 3 
ph,[47442],948, 13146, 4 
ph,[47442],2024, 47058, 4 
ph,[65362],0, -1, 12 
ph,[65362],35, 46930, 2 
ph,[65362],271, 47058, 3 
ph,[65362],730, 14170, 4 
ph,[65362],1297, 45394, 4 
ph,[47958],0, -1, 11 
ph,[47958],485, 46930, 3 
ph,[47958],494, 45394, 3 
ph,[47958],982, 13146, 4 
ph,[47958],2044, 47058, 4 
ph,[47958],2080, 45522, 4 
ph,[47446],0, -1, 10 
ph,[47446],80, 45394, 2 
ph,[47446],509, 45522, 3 
ph,[47446],2029, 46930, 4 
ph,[48470],0, -1, 11 
ph,[48470],485, 45394, 3 
ph,[48470],494, 46930, 3 
ph,[48470],2044, 45522, 4 
ph,[48470],2080, 47058, 4 
ph,[36694],0, -1, 10 
ph,[36694],1525, 46930, 4 
ph,[48982],0, -1, 12 
ph,[48982],80, 46930, 2 
ph,[48982],509, 47058, 3 
ph,[48982],982, 14170, 4 
ph,[48982],2029, 45394, 4 
ph,[65366],0, -1, 13 
ph,[65366],276, 46930, 3 
ph,[65366],1328, 47058, 4 
ph,[63830],0, -1, 11 
ph,[63830],276, 45394, 3 
ph,[63830],1328, 45522, 4 
ph,[40790],0, -1, 11 
ph,[40790],354, 46930, 3 
ph,[40790],1614, 47058, 4 
ph,[48990],0, -1, 13 
ph,[48990],185, 14170, 3 
ph,[48990],527, 46930, 3 
ph,[48990],940, 13146, 4 
ph,[48990],964, 14298, 4 
ph,[48990],2147, 47058, 4 
ph,[47966],0, -1, 12 
ph,[47966],185, 13146, 3 
ph,[47966],940, 14170, 4 
ph,[47966],964, 13274, 4 
ph,[47966],2062, 46930, 4 
ph,[47966],2098, 45394, 4 
ph,[44383],0, -1, 10 
ph,[15198],0, -1, 11 
ph,[15198],80, 13146, 2 
ph,[15198],485, 14170, 3 
ph,[15198],509, 13274, 3 
ph,[15198],2044, 14298, 4 
ph,[47458],0, -1, 9 
ph,[47458],518, 45394, 3 
ph,[47458],2138, 45522, 4 
ph,[47970],0, -1, 10 
ph,[47970],2053, 46930, 4 
ph,[47970],2089, 45394, 4 
ph,[65406],0, -1, 15 
ph,[48482],0, -1, 10 
ph,[48482],2053, 45394, 4 
ph,[48482],2089, 46930, 4 
ph,[47974],0, -1, 11 
ph,[45410],0, -1, 8 
ph,[45410],123, 45394, 2 
ph,[45410],648, 45522, 3 
ph,[45410],2209, 46930, 4 
ph,[47462],0, -1, 10 
ph,[47462],2169, 45394, 4 
ph,[48994],0, -1, 11 
ph,[48994],518, 46930, 3 
ph,[48994],2138, 47058, 4 
ph,[47986],0, -1, 11 
ph,[47986],482, 46930, 3 
ph,[47986],491, 45394, 3 
ph,[47986],974, 13146, 4 
ph,[47986],2041, 47058, 4 
ph,[47986],2077, 45522, 4 
ph,[47474],0, -1, 10 
ph,[47474],77, 45394, 2 
ph,[47474],506, 45522, 3 
ph,[47474],2026, 46930, 4 
ph,[49010],0, -1, 12 
ph,[49010],77, 46930, 2 
ph,[49010],506, 47058, 3 
ph,[49010],974, 14170, 4 
ph,[49010],2026, 45394, 4 
ph,[52085],0, -1, 10 
ph,[48502],0, -1, 12 
ph,[48502],2055, 45394, 4 
ph,[48502],2091, 46930, 4 
ph,[51575],0, -1, 9 
ph,[52087],0, -1, 10 
ph,[60791],0, -1, 11 
ph,[44407],0, -1, 10 
ph,[53110],0, -1, 12 
ph,[57206],0, -1, 13 
ph,[65398],0, -1, 14 
ph,[65398],1339, 46930, 4 
ph,[52093],0, -1, 11 
ph,[49023],0, -1, 13 
ph,[59775],0, -1, 11 
ph,[60795],0, -1, 11 
ph,[47998],0, -1, 13 
ph,[47998],975, 13146, 4 
ph,[60799],0, -1, 12 
ph,[52607],0, -1, 11 
ph,[49022],0, -1, 14 
ph,[49022],975, 14170, 4 
ph,[49022],2172, 46930, 4 
ph,[44415],0, -1, 11 
ph,[61310],0, -1, 14 
ph,[65407],0, -1, 14 
ph,[56662],0, -1, 11 
ph,[51574],0, -1, 10 
ph,[57174],0, -1, 12 
ph,[57174],1173, 46930, 4 
ph,[52086],0, -1, 11 
ph,[57175],0, -1, 11 
ph,[52598],0, -1, 11 
ph,[52599],0, -1, 10 
ph,[53108],0, -1, 12 
ph,[53109],0, -1, 11 
ph,[36726],0, -1, 11 
ph,[53111],0, -1, 11 
ph,[49106],0, -1, 12 
ph,[49106],6, 47058, 1 
ph,[49106],75, 46930, 2 
ph,[49106],184, 14298, 3 
ph,[49106],478, 45522, 3 
ph,[49106],939, 13274, 4 
ph,[49106],963, 14170, 4 
ph,[49106],2024, 45394, 4 
ph,[64978],0, -1, 12 
ph,[64978],268, 45522, 3 
ph,[64978],269, 47058, 3 
ph,[64978],1299, 45394, 4 
ph,[64978],1308, 46930, 4 
ph,[65490],0, -1, 13 
ph,[65490],35, 47058, 2 
ph,[65490],271, 46930, 3 
ph,[65490],730, 14298, 4 
ph,[65490],1297, 45522, 4 
ph,[65494],0, -1, 14 
ph,[65494],276, 47058, 3 
ph,[65494],1328, 46930, 4 
ph,[52605],0, -1, 11 
ph,[53117],0, -1, 12 
ph,[48118],0, -1, 13 
ph,[48118],2055, 47058, 4 
ph,[48118],2091, 45522, 4 
ph,[49142],0, -1, 14 
ph,[49142],520, 47058, 3 
ph,[49142],2140, 46930, 4 
ph,[49150],0, -1, 15 
ph,[49150],975, 14298, 4 
ph,[49150],2172, 47058, 4 
ph,[65526],0, -1, 15 
ph,[65526],1339, 47058, 4 
ph,[65534],0, -1, 16 
ph,[48126],0, -1, 14 
ph,[48126],975, 13274, 4 
