ph__pre,[48898],0, -1, 9 
ph__pre,[48898],513, 46930, 3 
ph__pre,[48898],2133, 47058, 4 
ph__pre,[48386],0, -1, 8 
ph__pre,[48386],2048, 45394, 4 
ph__pre,[48386],2084, 46930, 4 
ph__pre,[45314],0, -1, 6 
ph__pre,[45314],118, 45394, 2 
ph__pre,[45314],643, 45522, 3 
ph__pre,[45314],2204, 46930, 4 
ph__pre,[47362],0, -1, 7 
ph__pre,[47362],513, 45394, 3 
ph__pre,[47362],2133, 45522, 4 
ph__pre,[49042],0, -1, 11 
ph__pre,[49042],76, 47058, 2 
ph__pre,[49042],505, 46930, 3 
ph__pre,[49042],969, 14298, 4 
ph__pre,[49042],2025, 45522, 4 
ph__pre,[65298],0, -1, 11 
ph__pre,[65298],272, 46930, 3 
ph__pre,[65298],1324, 47058, 4 
ph__pre,[48914],0, -1, 10 
ph__pre,[48914],76, 46930, 2 
ph__pre,[48914],505, 47058, 3 
ph__pre,[48914],969, 14170, 4 
ph__pre,[48914],2025, 45394, 4 
ph__pre,[48402],0, -1, 9 
ph__pre,[48402],481, 45394, 3 
ph__pre,[48402],490, 46930, 3 
ph__pre,[48402],2040, 45522, 4 
ph__pre,[48402],2076, 47058, 4 
ph__pre,[49046],0, -1, 12 
ph__pre,[49046],515, 47058, 3 
ph__pre,[49046],2135, 46930, 4 
ph__pre,[48918],0, -1, 11 
ph__pre,[48918],515, 46930, 3 
ph__pre,[48918],2135, 47058, 4 
ph__pre,[48786],0, -1, 10 
ph__pre,[48786],498, 47058, 3 
ph__pre,[48786],2104, 46930, 4 
ph__pre,[61362],0, -1, 12 
ph__pre,[46970],0, -1, 12 
ph__pre,[46970],27, 14170, 2 
ph__pre,[46970],124, 46930, 2 
ph__pre,[46970],192, 13146, 3 
ph__pre,[46970],216, 14298, 3 
ph__pre,[46970],649, 47058, 3 
ph__pre,[46970],1006, 13274, 4 
ph__pre,[46970],2210, 45394, 4 
ph__pre,[48926],0, -1, 12 
ph__pre,[48926],970, 14170, 4 
ph__pre,[48926],2162, 46930, 4 
ph__pre,[48930],0, -1, 10 
ph__pre,[48930],2153, 46930, 4 
ph__pre,[48498],0, -1, 11 
ph__pre,[48498],482, 45394, 3 
ph__pre,[48498],491, 46930, 3 
ph__pre,[48498],2041, 45522, 4 
ph__pre,[48498],2077, 47058, 4 
ph__pre,[9896],0, -1, 8 
ph__pre,[65330],0, -1, 12 
ph__pre,[65330],1331, 46930, 4 
ph__pre,[48946],0, -1, 11 
ph__pre,[48946],512, 46930, 3 
ph__pre,[48946],2132, 47058, 4 
ph__pre,[49074],0, -1, 12 
ph__pre,[49074],512, 47058, 3 
ph__pre,[49074],2132, 46930, 4 
ph__pre,[14206],0, -1, 12 
ph__pre,[14206],125, 14170, 2 
ph__pre,[14206],565, 13146, 3 
ph__pre,[14206],650, 14298, 3 
ph__pre,[14206],1137, 46930, 4 
ph__pre,[14206],2260, 13274, 4 
ph__pre,[65334],0, -1, 13 
ph__pre,[65462],0, -1, 14 
ph__pre,[48438],0, -1, 11 
ph__pre,[65458],0, -1, 13 
ph__pre,[65458],1331, 47058, 4 
ph__pre,[48950],0, -1, 12 
ph__pre,[48950],2155, 46930, 4 
ph__pre,[48818],0, -1, 11 
ph__pre,[48818],2111, 47058, 4 
ph__pre,[65394],0, -1, 13 
ph__pre,[65394],273, 46930, 3 
ph__pre,[65394],1325, 47058, 4 
ph__pre,[49078],0, -1, 13 
ph__pre,[49078],2155, 47058, 4 
ph__pre,[48958],0, -1, 13 
ph__pre,[65342],0, -1, 14 
ph__pre,[32639],0, -1, 13 
ph__pre,[48450],0, -1, 9 
ph__pre,[48450],483, 45394, 3 
ph__pre,[48450],492, 46930, 3 
ph__pre,[48450],2042, 45522, 4 
ph__pre,[48450],2078, 47058, 4 
ph__pre,[48978],0, -1, 11 
ph__pre,[48978],6, 46930, 1 
ph__pre,[48978],75, 47058, 2 
ph__pre,[48978],184, 14170, 3 
ph__pre,[48978],478, 45394, 3 
ph__pre,[48978],939, 13146, 4 
ph__pre,[48978],963, 14298, 4 
ph__pre,[48978],2024, 45522, 4 
ph__pre,[48982],0, -1, 12 
ph__pre,[48982],80, 46930, 2 
ph__pre,[48982],509, 47058, 3 
ph__pre,[48982],982, 14170, 4 
ph__pre,[48982],2029, 45394, 4 
ph__pre,[48178],0, -1, 9 
ph__pre,[64562],0, -1, 10 
ph__pre,[48990],0, -1, 13 
ph__pre,[48990],185, 14170, 3 
ph__pre,[48990],527, 46930, 3 
ph__pre,[48990],940, 13146, 4 
ph__pre,[48990],964, 14298, 4 
ph__pre,[48990],2147, 47058, 4 
ph__pre,[16223],0, -1, 11 
ph__pre,[16223],531, 14170, 3 
ph__pre,[16223],2066, 13146, 4 
ph__pre,[16223],2151, 14298, 4 
ph__pre,[48306],0, -1, 10 
ph__pre,[64690],0, -1, 11 
ph__pre,[48994],0, -1, 11 
ph__pre,[48994],518, 46930, 3 
ph__pre,[48994],2138, 47058, 4 
ph__pre,[48482],0, -1, 10 
ph__pre,[48482],2053, 45394, 4 
ph__pre,[48482],2089, 46930, 4 
ph__pre,[64818],0, -1, 11 
ph__pre,[48434],0, -1, 10 
ph__pre,[48434],2047, 45394, 4 
ph__pre,[48434],2083, 46930, 4 
ph__pre,[15199],0, -1, 10 
ph__pre,[15199],531, 13146, 3 
ph__pre,[15199],2066, 14170, 4 
ph__pre,[15199],2151, 13274, 4 
ph__pre,[64946],0, -1, 12 
ph__pre,[48690],0, -1, 10 
ph__pre,[48690],2111, 46930, 4 
ph__pre,[65202],0, -1, 12 
ph__pre,[49138],0, -1, 13 
ph__pre,[49138],77, 47058, 2 
ph__pre,[49138],506, 46930, 3 
ph__pre,[49138],974, 14298, 4 
ph__pre,[49138],2026, 45522, 4 
ph__pre,[65406],0, -1, 15 
ph__pre,[49010],0, -1, 12 
ph__pre,[49010],77, 46930, 2 
ph__pre,[49010],506, 47058, 3 
ph__pre,[49010],974, 14170, 4 
ph__pre,[49010],2026, 45394, 4 
ph__pre,[49022],0, -1, 14 
ph__pre,[49022],975, 14170, 4 
ph__pre,[49022],2172, 46930, 4 
ph__pre,[49142],0, -1, 14 
ph__pre,[49142],520, 47058, 3 
ph__pre,[49142],2140, 46930, 4 
ph__pre,[61174],0, -1, 13 
ph__pre,[65398],0, -1, 14 
ph__pre,[65398],1339, 46930, 4 
ph__pre,[48118],0, -1, 13 
ph__pre,[48118],2055, 47058, 4 
ph__pre,[48118],2091, 45522, 4 
ph__pre,[49150],0, -1, 15 
ph__pre,[49150],975, 14298, 4 
ph__pre,[49150],2172, 47058, 4 
ph__pre,[49014],0, -1, 13 
ph__pre,[49014],520, 46930, 3 
ph__pre,[49014],2140, 47058, 4 
ph__pre,[57206],0, -1, 13 
ph__pre,[16246],0, -1, 12 
ph__pre,[16246],975, 46930, 4 
ph__pre,[16246],2172, 14170, 4 
ph__pre,[48126],0, -1, 14 
ph__pre,[48126],975, 13274, 4 
ph__pre,[65407],0, -1, 14 
